ID, Vel TCP, Pres, Theta_1, Theta_2, Theta_3, Theta_4, Theta_5, Theta_6
0, 118.22754473696446, 20.969052110126114, 44.94546004082171, 25.339216000644285, 2.749180378135634, 10.049434867213684, 35.47663354676525, 66.85497343690137
1, 156.57929975304165, 15.400838926304559, 71.40856448003377, 99.54610166222166, -66.37717156075688, 26.519052168693015, 107.07234736264184, 25.60348195439091
2, 19.761860039194943, 23.96003320716792, 42.486573139816244, 10.307558110289461, -59.256767138019555, 24.820705510680856, 21.038588966466047, 8.274186366198869
3, 195.1457174451728, 16.520675137625723, 42.93443258623208, 67.60570067931197, 26.325457655998918, 57.20174764156681, 6.674256948827112, 48.373215645641345
4, 168.79852429202504, 21.2934438574057, 79.99660421336905, -3.513310573752724, -56.5604629294797, 14.75250075053262, 42.40582494382814, 45.75471128134139
5, 192.4375212507201, 23.907549376470122, 16.523183303041268, 46.31484605288596, 30.705038133838308, 79.71905083588625, 37.090664893598365, 51.05078667190852
6, 65.96704772002028, 13.372613365438287, 21.304729318426414, 16.54460094284893, 30.6861381489457, 82.00127010979041, 64.85154782997499, 27.739121921282
7, 78.6873246885879, 10.397469867100746, 64.58646340286371, 66.87825469303998, -26.071050680375414, 56.47923715922076, 101.31486343064485, 39.308312619006095
8, 91.74777390914917, 23.206262335794264, 73.22764237297, 58.283518822034125, 16.05388496019981, 73.20576589515785, 53.21294163436422, 46.66321970591001
9, 169.76159392865222, 14.40090557468912, 33.689464441881086, 72.53826841758735, -48.704365531492215, 69.22616771486112, 51.673319082297056, 50.3245674149542
10, 139.2415365780428, 12.473242367936649, 37.02152300725784, 30.76683162369941, -23.072683654471817, 7.482873906021883, 19.07887986273647, 88.63006843959074
11, 156.0426246478649, 19.181469740234576, 67.49363094140242, 108.94891072500148, -2.84459323774027, 52.905697529414475, 28.085299628342845, 6.115512568939635
12, 50.33319143373809, 28.387653987826493, 30.987846083971736, 0.7390370915185844, -32.53698047828332, 83.31852288437396, 105.03041032667018, 40.22947419353455
13, 178.9623199927979, 28.148005722616002, 83.29062944557573, -4.594448269090052, -18.3245224130321, 25.506776911992013, 29.89704912057717, 0.6863992232766049
14, 184.11296804238913, 17.704877251306037, 17.662403638272245, 71.55206688957317, -24.702833766986235, 67.51726505588084, 87.92400301138042, 66.42015594752732
15, 98.1517606200457, 22.398512586501713, 41.67957267393199, 18.81522565149443, 22.471701415159547, 55.17322658187752, 11.606643369923322, 15.913576019634144
16, 124.9221708852637, 19.039040826209863, 25.658944387627475, 46.510513756290656, 5.276534462930584, 20.2546152421886, 47.74780651646155, 56.392963968220705
17, 97.08505820628035, 19.229069567828226, 53.41654718052207, 57.3504469770461, -58.167368200802805, 25.289861385999185, 63.685834909744024, 15.959422991991378
18, 75.97894091750292, 15.732386495895543, 31.239453681276373, 89.245578180913, 45.911485677216376, 79.69701714778517, 93.7741059708056, 59.470400609055105
19, 41.645575095851854, 13.100129321178768, 22.770255752401777, 64.42497484064754, -33.03167993358079, 7.230187962390905, 32.59926229653789, 80.72421572456105
20, 195.69494319515834, 11.26702665018028, 38.95336204590339, -6.237223901568794, 20.899812100048194, 18.409420736500525, 36.63691100891976, 0.28716587877488764
21, 107.70746329507669, 22.545192325590943, 4.269095780897873, 41.61344377684505, -38.970893938541536, 57.29716483386357, 72.03326615339293, 30.107117674980675
22, 144.01715374314276, 17.49053000130577, 29.06808274438616, 32.935105807580065, 19.69845175234337, 1.8790940243221177, 73.4043758323033, 43.90557025707002
23, 88.02202709196925, 19.954966782913754, 51.9257311603282, 92.00052100398324, -42.51894833958962, 73.16360953777506, 106.439115945599, 27.396830097255414
24, 137.98753445397426, 20.76126778589429, 6.5399545457424715, 12.336153962971004, 47.29733620503873, 69.54933497178399, 2.095278456777367, 29.866293878579604
25, 142.0328131713953, 18.016728218485127, 8.011215950093192, 57.57475840445477, -57.106010481518865, 14.809168675703377, 78.99090553050846, 83.749621206031
26, 115.78686759331258, 12.458224754163167, 4.025994719382073, 82.92695368550048, -69.21565771866241, 40.96011661574739, 107.20809647377307, 20.11912419334972
27, 104.78998195561725, 14.217774523594953, 20.056448203857276, 92.90926439650515, -72.6548222409452, 58.430197616535224, 76.89932126837391, 19.56952157402534
28, 162.64042894433908, 15.855342175903644, 76.64798487508118, 77.1569860806588, 41.554238562887065, 7.259298058121677, 97.04967994888733, 31.075418540904575
29, 24.813309237808, 16.22504407177742, 81.22009332186052, 16.422523839452523, 36.67551916738279, 51.6827743072023, 17.594068353728925, 3.5810510180934694
30, 12.425417704921408, 21.017776473674964, 50.748813738095365, -5.201950484334657, 38.971631504535935, 1.3777999469673552, 57.90258216030021, 59.34017811516879
31, 22.172586186736417, 15.022602120198856, 63.81150668967643, 74.09577098793042, -26.080425858848386, 45.27990049563491, 78.82456502434655, 88.42644042246197
32, 146.92917181003105, 26.418458766391886, 45.37071397677164, 41.9503713932788, -10.874574573191055, 15.379305913208496, 21.70783042551803, 47.02674685793233
33, 152.20356918505612, 22.95737924382808, 6.580943183714542, 34.400994929510134, -70.27973774644678, 74.50604967731465, 55.91279606776987, 82.00210680911937
34, 129.47148835555953, 21.941086726387283, 16.77382311280238, 30.714009858359837, -61.9365068057352, 43.7464103815022, 102.68764358811968, 58.646045181893484
35, 137.64760669972466, 16.61722942251162, 37.06749496536182, -10.926299200535547, -15.995539127615745, 0.22543837141051684, 104.04007476676296, 27.57584404588283
36, 195.16769775294247, 10.424286165484673, 28.739754359907884, 24.436330572248337, -23.074491853753727, 70.37835888772314, 8.476202060118164, 68.78865793776208
37, 153.02034132322748, 16.155075690168754, 1.748096285727192, 42.743891766333384, -73.76586826797006, 6.503278070517639, 33.56721671978337, 74.24287588989601
38, 150.26567057021722, 11.241184363385495, 21.062338859231428, 29.1367007126981, -83.83897642778732, 67.21499480300822, 38.70646594599684, 44.570183917215175
39, 95.74766277662361, 11.488861945658662, 50.86853167974624, 51.040242498918566, -20.292200663826467, 53.303910214617844, 74.67703635064909, 21.69871431440426
40, 72.0898527144173, 26.92736288838857, 64.36761508610311, 36.968110593325434, 32.226244295182774, 41.70744158329242, 96.88200062718433, 32.68549762472448
41, 155.13836140543188, 14.901664218826465, 15.965757641958096, 71.01636138382821, 29.196032284726446, 69.9973484079836, 80.58762419712649, 88.69015443673801
42, 46.68566456744891, 20.651676604375446, 10.07163711632369, -10.486603907596137, -14.194410393192245, 17.95567238020662, 74.93674328936521, 31.30503011028285
43, 15.611885838886838, 18.086440730380964, 89.14797433234338, 27.466214107727737, -40.5555233849057, 86.83408790706596, 90.99343104388939, 1.0942546410463516
44, 182.20620013225093, 25.10733960311876, 46.83985629354212, 3.1342812062046015, -34.27970777850302, 33.24172943340465, 44.23271404439733, 26.901883232280724
45, 20.139563543375964, 24.597609973257303, 38.53856647020009, 73.25205075868331, -60.83822547026495, 13.406803249739918, 34.916351761762016, 48.79369793596731
46, 74.7767008093218, 25.15370360912332, 84.56357869551827, 54.8647691749964, -63.92230136899216, 87.4639779174406, 28.726193362486175, 38.20001566925623
47, 62.84732213582981, 25.51697328609842, 79.8116428180786, 5.765164991759157, -88.15762438410238, 18.128228167364767, 24.409800081810378, 27.659412630107088
48, 142.01461574160484, 20.3995598330521, 77.71982970643991, 93.91494942942542, -44.720475809916785, 60.992136447881386, 14.133273915639245, 45.58684906536991
49, 78.9152133913515, 23.81727744820946, 1.9247978462828355, 26.186071677284176, 24.580129289164788, 66.87881704622478, 16.107822687509756, 47.99470257500243
50, 58.62121820826181, 23.67986920165426, 56.12384759477151, 34.477637760221015, 27.84971256147981, 38.728949921470495, 78.48362074720953, 86.92415425015521
51, 145.81136221413604, 17.215280436815384, 31.900654553738796, 22.947311322421093, -1.7694340109794953, 37.438878346893695, 54.20528138953166, 9.992442785337968
52, 69.28629785901173, 12.167440003545186, 31.89035755799916, 55.29576948310023, -36.90013178476186, 21.514995114275845, 10.791286635248591, 0.8525949024881674
53, 100.40151915955146, 27.281869628862786, 14.735512335210446, 99.20339402689447, -21.820613516183627, 71.00962781677384, 7.217171044869613, 19.379741165017
54, 188.91151362374774, 12.002711717285068, 87.3846043392163, 100.2058960612362, -80.79555973911302, 68.46652095942022, 0.5992496417245374, 5.1184675745025014
55, 184.80411646746958, 10.5062279317106, 14.063266871331708, 13.941460375089541, -28.346056588510507, 33.47477387709492, 68.5768532253959, 69.03421793935587
56, 163.15055379983937, 21.527909697824896, 5.331285521546179, 85.28282697352454, -52.963825834295385, 2.4974641955623498, 21.346721027132947, 12.122042378391843
57, 166.19558378327898, 12.039166293638907, 57.90033660622628, 93.86417699536719, -22.06367519656446, 7.427549493813546, 74.72227533052772, 82.09878250384986
58, 114.71811133501112, 19.16536389961225, 82.67418954438322, 38.534503926267114, -69.70869113884774, 18.935470461588263, 31.748500639375486, 55.577682512047566
59, 144.47855813898343, 20.8951416328619, 86.25175276289784, 2.1852702622962266, 43.783003658236424, 26.659557296620868, 4.211698572934475, 34.17703662645213
60, 112.00632627866204, 28.675010757099166, 2.723849937972056, 56.83503096203387, -19.084163935593796, 37.86076209620216, 82.0816012056339, 22.382061852069025
61, 82.65236970762571, 11.619490312838174, 69.75457091351925, 46.30782953243343, 40.61681405881424, 64.48804448514234, 108.37835297035664, 0.988328494387909
62, 133.9443508837981, 14.479509006575952, 15.541315239231373, 24.1277232483138, -17.171182330643315, 52.11099908454118, 78.7472846816174, 70.44804038826334
63, 39.36912686282172, 13.590476756910038, 80.15950630472739, 36.3697525226248, -46.113562519343844, 83.7489915918981, 82.05525895777657, 62.86836405345099
64, 41.01226341001886, 10.302659299314673, 89.47739462665344, 32.01593448690084, 4.098056049582511, 88.26972680089892, 62.362372847712265, 37.781049246753824
65, 111.20501826582411, 19.30213668274221, 77.78940283051402, 91.54855737872273, -56.44183895144501, 0.010959810799644476, 39.06144272869253, 30.29246127089862
66, 23.977018311751458, 19.02904182377805, 17.563767235759578, 70.02875767424146, -39.26022522612367, 50.34252606806472, 67.97899349995743, 73.12541138937543
67, 167.3817534661968, 28.14843212202417, 69.8220351979743, -5.491054963119966, 43.64792089530713, 69.13722420881135, 21.3097193952635, 53.95311404647966
68, 147.7961559504737, 26.333000468600115, 41.28347398843991, -7.926486918381175, 5.032282706855412, 9.529642034056737, 64.2554245812308, 75.6253106317074
69, 110.50126243094091, 27.47420726161615, 88.3008809565145, -5.071984033404517, -10.431401431343701, 51.75258392922715, 86.00684141747206, 8.123157233450778
70, 120.74808705457356, 29.91604831306732, 81.05438812235379, 72.90320258358808, 29.323459985419664, 7.560302527166654, 105.3724295366026, 0.7000954683975268
71, 143.04004190491764, 20.34368538029811, 27.102260336326907, 15.30650327029488, -24.445689763560026, 39.59452997400572, 20.802490157570123, 16.621176626942628
72, 156.73370713788935, 27.99362728456822, 54.738009207218035, -11.524428685553909, 40.41437079011351, 24.280567061999186, 22.335852416779463, 43.325332030885185
73, 46.90218384313067, 25.83106418365865, 67.760460711549, 0.00010174383680627841, 13.114259732763301, 37.26685579745101, 0.46532708799526534, 85.4440369915001
74, 147.9331819790623, 21.935849480589198, 2.6272432813214817, 81.4462539465222, -9.828584956667683, 10.523198539764572, 46.097456687701396, 14.549966925465323
75, 70.4772455645728, 21.438528213365757, 56.37893617458729, 98.6109863004501, -89.71731641311808, 31.092118512349195, 29.206242382453354, 5.4393942647205415
76, 146.82781293294082, 15.538817364311049, 41.791917525812956, 58.978474888432004, -49.607429093804605, 63.855395090363686, 67.65695093049536, 46.07306825920623
77, 179.71048677314886, 16.795523387036745, 45.88396473607216, -4.658717708400149, 7.920493261264413, 34.02376867416596, 25.46606811548634, 26.23643940090702
78, 17.699495694722792, 21.61313213419049, 60.3651834513291, 6.735461271887189, 21.92516478306655, 9.16057514220191, 97.24232202778715, 51.06477732574718
79, 65.84863156193424, 24.807867108992625, 26.79644585475664, 26.900169554323575, -38.488383459006165, 81.90309232793562, 1.5224980691965782, 49.762341335704754
80, 122.53345196119226, 26.58294750825869, 24.59587960011392, 85.47927866361847, 29.346100293611716, 80.33558461333195, 109.11203276190548, 65.10222534926339
81, 19.712747410580313, 27.233628510504605, 2.3496592642490235, 37.436649004682, -56.70107087061686, 68.77550018704332, 50.00204414011755, 10.955061492178006
82, 95.86421143054294, 17.004372841873156, 56.02196781836788, 77.74290521654264, -26.60736255693805, 57.936980685402666, 83.99156983488967, 77.70325777679545
83, 109.89220235653423, 28.668274573629073, 81.50405483550176, -0.4649484589786148, 13.23518305877515, 40.56627972980161, 98.67473597780015, 44.4226030629058
84, 125.76219723045362, 21.173938590735222, 24.378820317270524, 13.671654383045897, -12.453553146668595, 43.65143713913147, 18.727053513483188, 34.18864308210605
85, 132.30837841757932, 21.906009000571842, 75.2577137578549, 81.28717503490897, -31.012582417553162, 3.593745055268088, 94.88640154505113, 44.953307891799696
86, 109.9803205629091, 23.503080244150702, 54.787021352625736, 53.316316395381534, 47.5172214367976, 25.56588927127983, 42.63619744083812, 6.1346769239225925
87, 169.17637666944395, 18.744493805683046, 73.80365556707103, 20.43703206117224, -49.93835398347285, 25.722056263902303, 49.03155961893268, 70.83809259938899
88, 60.39235406018582, 13.232441985215551, 22.19626960806429, 74.69870305306883, -48.278380278979064, 45.31320761310387, 82.25133622087681, 50.87886091992728
89, 65.50537253700438, 27.92123218151553, 66.612278646434, 98.18661182072516, -44.94096008348345, 67.42608540037726, 18.760636131202507, 43.64340103677792
90, 70.63837955970568, 16.756048911405692, 8.274371797675505, 33.594977624177844, -0.9986801441782944, 40.39960054007811, 45.52737796604628, 75.79405483205635
91, 174.8676343815605, 24.12811839639477, 41.05957875610692, -4.33299702144965, -4.661662687115353, 17.8108069672909, 43.327333954327095, 66.26148659205536
92, 164.60444877434384, 20.20485409406851, 67.13762162685842, 74.85321357271972, 8.441477135180222, 3.025384459792715, 63.58330959757473, 37.615657426132564
93, 18.727748390372838, 18.298175414025415, 39.83405924731636, 83.40016804061617, 33.38409221141867, 66.5017203731472, 27.32607724500221, 40.809223561385416
94, 194.05311526002234, 13.054776637486732, 45.60599301934254, 21.42033364167837, 29.632318644845014, 14.431740888400546, 13.109136325244723, 3.5512840243631003
95, 117.92070118826027, 24.771216629113088, 76.29715333543714, 1.976000556657203, 14.247792398145421, 18.273098484903723, 36.84319646094163, 47.47858526589143
96, 101.98161663542739, 29.40110800345597, 68.52604363849761, 60.9675553983731, -23.836133444496284, 53.749220257767924, 44.266876192022536, 55.501881534729925
97, 52.02703549181565, 29.79740594201268, 81.4359359234772, 73.96091726499472, -83.61637981319028, 33.250724899736404, 56.63933843715997, 9.01608570996203
98, 145.74899760386938, 27.073029739741635, 75.9323090843885, 5.822827238028449, -70.23375071238978, 78.45284736632642, 73.1696051329559, 0.9615269466255749
99, 72.77451812918831, 17.36994015572833, 15.537670363304674, 77.3753501798666, -75.16542428635437, 8.23824524792583, 61.54240979520395, 40.64085300205801
100, 80.85200281182675, 19.71497166718341, 19.565816367415355, -9.814055655918532, 17.23745723849136, 28.17315584679931, 72.54027429395123, 48.2017775645159
101, 115.21105907922824, 24.473363509096536, 25.963820732705344, 15.951183941166164, 5.399052189911828, 28.302077048583893, 26.538435042754216, 41.20789510065094
102, 69.57922440676305, 15.07516364115261, 20.19441154448071, -3.797743560051078, -4.7024696769484535, 83.44365207707025, 85.24694348154384, 41.14267182927964
103, 174.91914494046839, 21.387041097288794, 32.59578590491701, 32.37764522475521, 27.38780182257699, 10.59537613262751, 29.068057365528276, 57.48273790015176
104, 59.84129947521031, 25.868534494782185, 5.484029676871105, -6.5407929861040985, -5.636600929206963, 51.53687098530357, 41.032341991942, 54.98994145984557
105, 27.52793289464266, 15.3479635697836, 2.7177598580183506, 2.2291619072629736, -1.6318626914468979, 71.25082247161777, 105.41864926220748, 83.84399791242757
106, 36.87668625526393, 29.255640009949598, 6.030355537473137, 63.14764847551383, -83.67238450988657, 47.17872391828076, 59.51234990927111, 40.809881609348345
107, 99.22490877129084, 26.08331119851915, 60.95513354761198, 31.06612485211108, -10.992698296855934, 6.572621447490966, 81.48279145932524, 79.2165226329245
108, 33.044597247134206, 12.354584508698114, 63.98724042639342, 33.38959429080712, -83.7878902703651, 83.45890160516406, 42.940978617844316, 74.85842790693654
109, 113.00226155919928, 18.67445452498631, 6.496702037871207, 10.750265372956909, -73.43324746281128, 42.79381662963653, 103.30879017203057, 62.44227059170206
110, 44.18625125583179, 23.277429932445713, 2.932536122600488, 105.08969115825059, -60.95561372483669, 59.74791909616223, 108.37853575498056, 52.39578596340084
111, 134.81152614063734, 23.023769731227265, 28.295481817710353, 83.0883455794893, 46.13626579046456, 37.61271661535381, 13.31383763390431, 44.89475130148351
112, 19.165365270671348, 29.418166484363503, 78.36592247418251, 105.2623261399603, -79.57842997008257, 72.5994598520956, 42.124135363038526, 0.4735860631295574
113, 60.08854236959883, 19.16370590559088, 10.642796601828856, 45.44642766403329, 26.68081485391924, 64.02675121447527, 39.596347695292025, 2.8023098226812113
114, 51.26211128847588, 12.769250040619259, 31.352058392186525, 57.34950016581632, 33.40193490001099, 51.76602270959869, 2.122722703432771, 66.85049635342155
115, 140.76000841581143, 28.862034805382077, 21.212471215358153, 62.15381675195691, 35.42189574211915, 11.579454214921563, 108.55034317409125, 52.8466301648928
116, 105.81503310421809, 10.299025348737473, 78.21902901941168, 6.24842178705655, -17.237333109255303, 69.27667247987866, 47.25766648124433, 71.55545570886702
117, 104.64701475243346, 24.305283909446374, 3.20134843293733, 108.34945411734739, -26.03574148624594, 1.0661049387329324, 1.0331638493375614, 84.73099789688841
118, 100.45635252281775, 20.915303600384547, 53.484750333765106, 55.22570651040212, 30.30538881823503, 43.43673528699467, 44.83592968910769, 20.251509151685177
119, 11.52837186015531, 27.259882297655796, 6.648332504294846, 19.205035723336927, -87.77778999179966, 38.94465256138051, 106.13292690091546, 82.48114215249159
120, 167.7687113105472, 29.83325529621283, 9.877765914120035, 77.97470837152271, -14.099968312036452, 73.98609989657396, 23.040394209321164, 48.25792199876687
121, 11.162671109054044, 11.80385206491078, 34.721203516230055, -3.0034269270352727, 1.7126478775817873, 50.77573934067372, 48.41754816560266, 17.140720771711614
122, 39.764919224910884, 14.743763742512675, 53.592307473309376, 40.35251526845925, -29.637105563832492, 74.02056720130419, 51.81491998877339, 82.02909717030332
123, 108.7084048900533, 14.707142529712252, 10.924923165251855, -7.061368405185298, -19.895207260135734, 8.903401085426534, 70.40213926881279, 81.39395252326587
124, 171.13876800542707, 18.19490278383342, 38.634599055662015, 25.41100183024939, 48.92069809321282, 32.0340363588564, 10.859720938650431, 47.67507179060012
125, 39.86059815192762, 17.857849555484986, 23.08483963480973, 72.81140518876836, 16.889434000494134, 70.04344030867671, 69.22668338129189, 18.032538505903027
126, 118.93984130008205, 26.458557506594577, 30.83888165915703, 85.44196754338346, -26.741986266555948, 65.15748115343388, 32.63456816450614, 84.37945003490456
127, 83.79310528839291, 12.067504851365808, 57.35837356098155, 19.93102287784243, -87.13891231340952, 44.63101900148818, 48.57222333954852, 13.359743665493424
128, 184.81711438160394, 13.388237834833996, 6.137840463450822, -9.433414090922184, 35.63571809253202, 10.584994940216658, 12.586030968349732, 3.078586095934126
129, 22.573697959742773, 13.107495068507752, 20.93222618893526, 49.20467734535646, -8.114533797569237, 82.38000163543815, 94.28169477948505, 26.9774289497558
130, 20.36944343104199, 14.646523318630283, 53.55050049070466, -11.018709445096036, 25.58098613822324, 60.5677307735305, 90.85695304316938, 34.49718232896399
131, 199.3964651977245, 19.722138463739743, 16.876153369687398, -9.229435032256795, -13.705691710925748, 7.4539747546571355, 51.78234556352806, 78.81960236213449
132, 35.31174746666613, 28.8122134155872, 67.58757870836779, 92.92913775554541, -52.151494576515546, 87.29477525495795, 89.94315270348731, 49.26260718559469
133, 33.062369739065, 28.275380601042986, 39.02750101660912, 14.302518227883553, -86.95722986058402, 88.88133691547895, 4.10497449440283, 44.83245944154174
134, 75.21790850523139, 20.090099959175195, 55.646511848722945, 22.30045287200329, -63.084390685988325, 29.178065711293357, 16.438730078735077, 8.664004355037505
135, 101.50094785004342, 22.56302987938103, 23.81672909240126, 96.85591916657248, -64.89727336723398, 52.93733410502652, 99.21848432680868, 30.708980355351393
136, 148.44806896681231, 16.171279255325814, 33.15170285233735, 81.4423140011574, 22.507577466919372, 59.600715783171296, 33.602120246277714, 3.160573776770354
137, 132.8380036841879, 28.391114281434685, 40.15330700969254, 8.915605843940149, -1.538797505130361, 61.187485525318365, 45.07975617970968, 17.464405271081734
138, 122.55483438516946, 19.077052560938178, 72.54230150110081, 31.061601136827484, -27.16152649825276, 49.37687029700801, 16.59690643900434, 26.367291421651004
139, 35.80407874718292, 25.889297909493923, 64.51805150240335, 101.88441616220034, -34.53159958183896, 25.95114958324123, 85.87491330164238, 55.62510075793056
140, 28.31128604328421, 16.32787261396363, 55.04637238733449, 80.65866384500283, -56.48237673945877, 8.966241434887577, 79.73744546832606, 35.1779917753543
141, 149.55627790758194, 26.533318310576284, 13.96883391411883, 70.209846855057, -41.924722311836696, 76.67447596566636, 83.74110459712341, 89.71149550719424
142, 48.90554767053955, 25.527246802874235, 35.170732581959484, 109.20221070070896, 2.298001999010495, 71.74421221511953, 99.60273533256112, 50.24060770949202
143, 44.9317524060426, 18.89254382704641, 42.06554944141456, 107.92624305312863, -38.663974782481176, 31.845076084855414, 50.25818495046067, 38.03345353699106
144, 184.0715541297632, 21.672279644340477, 19.476623077980978, 24.389768827306575, 5.139859385956256, 2.8531996235367165, 99.89237280579758, 18.583661463403118
145, 132.04071849535336, 26.376069313735023, 29.797094468122076, 65.74361129764388, -86.09736418594008, 36.708810646917016, 18.280598435853214, 26.41740564205052
146, 185.78138252363402, 15.3990244012912, 85.65481705197634, 70.01760164344685, 33.97931400520863, 10.674924684289183, 18.83042737593353, 43.05537933759376
147, 158.54444200788984, 18.7624803081316, 66.77541067040187, 96.25279405244217, -23.595843684359863, 44.027497284818665, 77.42626463112559, 79.68563592162826
148, 171.33453123059823, 10.7108831252478, 5.74709659413717, 49.00487375761582, 30.2350307448702, 9.757075041100846, 34.00768708996122, 73.55087120234147
149, 112.85414625065157, 15.301511326833019, 2.0500145877577625, 17.390885799902787, -56.86569777048746, 12.800935723611637, 2.3458444810802384, 70.76853243869797
150, 82.86774932639527, 27.42569521999573, 14.937593026357824, 41.22689074875875, -53.88533611717971, 30.235137656841573, 5.425262955836473, 32.557841610607234
151, 106.40207407609651, 13.763254634493345, 42.17194146141102, 16.61865615301206, -81.43357607035333, 18.164137508004064, 8.381877693733742, 55.3114398869182
152, 107.9582182887682, 14.224154848241879, 34.158139949960905, -10.295412977446299, -48.68903651298706, 84.25487459667274, 77.5449114286523, 72.22535210157051
153, 22.934774121264013, 28.19566855206058, 29.650767137170426, 75.39909627648998, 19.66842640518037, 50.52596437324026, 102.63493581011792, 87.38819088536628
154, 67.04437094684394, 12.981043438650183, 73.54489659036088, 21.94002676316698, -34.09895560646581, 77.68461262243241, 93.25057574620942, 65.6592897912638
155, 44.060826154886215, 14.482248154101105, 69.44045180491956, 62.903385970993526, 36.725352237214096, 81.35795404410489, 39.797764593558426, 49.004999755645585
156, 185.953251689825, 14.130972710632548, 78.12617935837406, 10.086193960800184, -48.572956385889796, 6.175193889595645, 7.023842279256507, 88.49466177632779
157, 70.04515567342142, 20.094239605101745, 87.11494501981102, 71.18688245958488, 21.275062019872138, 50.82768187743567, 55.408750804636774, 15.879225757452632
158, 96.36882807341318, 15.148738340703696, 83.52157781004927, 3.449217816049819, -31.416723141152413, 55.85861518495536, 50.73977717279737, 42.89805814998918
159, 156.97584993706263, 11.827013181881803, 76.24999487039224, 21.60108342544006, 46.12959251046203, 39.634774813966864, 47.03590381907754, 0.5348882362510821
160, 168.1802747058157, 25.85600735839987, 9.20026220529834, 55.487952186609476, -65.06794384449947, 62.48843313501002, 99.1520770679745, 62.274731663431055
161, 120.29906001728872, 19.815381575524803, 53.030482491998924, 11.843600858842462, -54.94821243588706, 4.204647760371575, 32.34854014637188, 18.475878145466414
162, 155.8084756766404, 27.507959424881193, 69.30576167141591, 15.373724931940664, 35.99374592987121, 69.79104726933491, 75.6231688848843, 73.21758141061649
163, 109.70630337976485, 13.909233369277791, 48.776527921257106, 64.00758789856688, -29.04906775702614, 76.37863581205636, 88.24584193271697, 21.801599740535075
164, 145.0727244022993, 27.52115916081905, 81.42177850664996, 20.141281528534364, -0.6837246611471954, 23.283993479873793, 51.58148118794463, 4.9145908861047936
165, 123.6647839902744, 23.686323668901466, 74.49705332470782, 82.14103457728118, 21.91429541210154, 81.1596983614502, 88.99471178867127, 53.54515894579715
166, 19.748077295253157, 15.977341186759746, 63.63853905103302, 63.15604168735702, -11.096213013910685, 82.31686888631218, 69.29707741950256, 65.18389726108275
167, 47.749836681214084, 17.28070663109404, 32.58055805531142, 31.9803678343757, -69.29209909186973, 58.43674849505628, 38.75415141463442, 77.65166263132203
168, 65.30772846579855, 14.481943927777209, 39.466355876278165, 76.67325556700358, 24.534770268798184, 34.57909574066531, 40.197231857886436, 50.75245251294421
169, 61.90684532640648, 27.68813915609724, 64.42200221424761, 32.079156301971736, -3.7700358448140032, 39.813619522769244, 85.22516232254891, 70.73089168785053
170, 163.1066250753853, 19.638246309662243, 47.45058315071183, 65.31210484237936, -86.94117273999922, 66.98772578310731, 33.07602307835623, 3.986966931972934
171, 80.52941692448594, 25.096338585282247, 67.8730053471805, 4.914800598361335, -49.01776055391757, 72.1564703786115, 68.54233859066292, 8.896125414262821
172, 107.58576865843719, 11.03217857714937, 40.878002329513535, 27.793745782624036, -76.69832856805456, 11.68652778083954, 52.83921735915956, 77.2612198551371
173, 49.7031833440851, 23.374907483538962, 77.94164192832227, 71.03711288576929, -35.335242373177664, 40.51540416444175, 15.155245824641264, 79.87065982499756
174, 172.0177089265247, 26.577491250103577, 0.6504936256385463, 93.0911942412956, -57.18869451636215, 37.43503328584726, 6.453550483212461, 36.11439067010654
175, 66.00408535445513, 26.0533978854398, 21.329594360348302, 79.47531287092028, -63.50577597447305, 79.32850373971343, 42.536287720203255, 30.711528949728134
176, 85.43165885941806, 22.102083175902187, 80.66358197738921, 32.36429133294177, 25.189828237819146, 50.63036573721984, 66.012889439884, 21.277241569263662
177, 131.20235390038522, 26.211868910516376, 45.75825206186975, 96.92011806078959, 32.567107176039855, 29.132197492670574, 33.39077389619227, 47.120676737592625
178, 96.44455777928425, 18.681905575519885, 64.25839836576935, 108.14482150205129, 37.67461996426081, 5.1965648856993045, 17.838049474527214, 30.643846033381976
179, 89.88298680979328, 26.0717418596292, 36.61340410824599, 66.6941094261332, -60.284869904928215, 77.81841845730828, 102.079935873248, 82.30905677912831
180, 164.18699133210754, 11.346068025530672, 84.12566773363089, 3.1365864780479904, -61.34071280887058, 11.138631653881616, 1.7724153799531406, 38.0970980265183
181, 126.19542820858123, 21.748609462818962, 18.96982900608341, 91.07782007252794, -14.425123267735174, 70.71895673917338, 100.23219168904068, 23.37790372696934
182, 133.07654496493043, 18.66173342763482, 76.1549963868527, 79.12118822049317, -81.71700006466091, 64.1951966300088, 78.28739614626629, 57.412837815058296
183, 119.14316647188522, 27.04865853774703, 60.47818873241862, 42.477223306468304, -63.01403988404362, 19.389598469565087, 77.5964028789507, 12.506645293911403
184, 150.83483945475254, 29.978281134483055, 71.30310702814202, 32.46342319741598, -25.975391603250603, 35.59551820684426, 15.867132947432815, 48.5723586674514
185, 47.00213779059208, 19.526447541590564, 28.941142965679663, 96.3479672072382, -69.61364722755923, 3.2916220116237946, 105.63111158970719, 84.35931460993811
186, 118.02112392887753, 14.923804964467562, 37.218655039668306, 64.91404711573745, -61.76207081927715, 7.887514988640143, 60.67017702143952, 53.73743281847361
187, 99.57953283968395, 22.598498587459712, 64.61458912164251, 95.21848642964831, -81.95147974602433, 89.40544228781528, 91.3735077608447, 14.464595887532823
188, 74.05628157982044, 28.09644714344392, 53.40189379395792, 27.72161474663831, -64.04005953628075, 62.412100702563464, 81.87466278178442, 53.91593369130158
189, 129.97590556680527, 20.280014160383566, 30.18154215306475, 15.815911148800904, -57.64231643382947, 58.537473758886485, 91.08470117927192, 12.942465113873789
190, 174.60678990788412, 25.04697764692549, 82.94142214381786, -1.8167137253796444, -69.11461205083884, 7.242919601518275, 71.0184813358413, 7.155653630299587
191, 190.4806317291555, 19.876739323191725, 64.68278876311008, 86.75513582013879, -79.20256393415802, 18.75341729456063, 89.01571958943296, 59.86574735907717
192, 75.56699475962026, 12.26792225961182, 45.02519487425064, 95.3875918824194, -69.73204274111453, 73.01686554999473, 102.29503882853736, 52.35277049193691
193, 181.88163631362508, 15.564464342703213, 18.548230779484612, -3.5217158375511857, -28.170971752048306, 14.4330476838243, 58.86886222293337, 44.86925749838109
194, 182.2289577370464, 16.24794933550294, 7.9615307128335955, 41.30040622820749, -84.26600707149295, 41.92453349088246, 73.77892443740306, 31.953350050606772
195, 107.89493627392865, 16.714091092041308, 13.373667281041142, 88.22736912597678, -7.029151064491714, 12.597104658418663, 6.169507355355926, 20.82294840612777
196, 147.18970106213933, 18.05395008709594, 27.96590079042751, 14.774040198809073, -67.86385942440228, 38.45661559761048, 52.30595625762425, 6.343596082344551
197, 199.5269237822039, 22.173861427413698, 49.838493386622396, 5.72665750345034, -29.116109086468228, 38.63864708146471, 100.16162119006934, 28.504074964349602
198, 190.65184766261544, 23.220691162197582, 43.946162216574415, 83.37093297425002, -53.3232348734324, 61.9683709232262, 106.09038711397127, 50.93856870279683
199, 168.6162035707083, 24.484893246186257, 61.36763099449907, 59.52431618320044, 0.500517102761961, 12.40261166355422, 57.16776637719937, 48.506137482844096
200, 175.13233472650825, 22.603675500823115, 59.16247346440938, 22.761929811997874, -82.04371723822523, 83.7287758224752, 65.78501818670902, 79.17968585598715
201, 189.63003019834045, 21.34002590361667, 59.93322657901314, 8.422671484429209, 15.904609716459506, 18.952779150947368, 50.93746472903148, 52.60171421582031
202, 129.99571008633416, 20.757880587210007, 75.58096168760112, 43.10044238483595, 39.912853784809954, 25.877418099438902, 86.73783167326374, 19.379958346447356
203, 191.90249284238095, 24.33085094959921, 63.65198718214524, 30.289492908225753, -44.70033510554013, 41.04267713904155, 75.09386593939705, 74.47149909629547
204, 80.66400477068643, 25.92468064207368, 44.67419659878219, 98.78707148648047, -16.5381881741518, 71.74856103880781, 2.1450936340785107, 67.02509948046345
205, 92.12974223746119, 19.57201726242458, 77.49474036292091, 35.632384941605665, -76.44344753781581, 83.48081969312113, 57.49950709964713, 3.0524605496457404
206, 198.2477924614486, 27.894834871525237, 51.403608412146504, 76.8787022628387, -86.14071727875803, 29.671816233498475, 98.63199212236317, 10.953983675232632
207, 19.60246452308425, 13.786897381274269, 88.98279750541788, 74.99345323281948, -54.35755148381835, 27.308431033038623, 1.211563347544098, 11.3892104636115
208, 91.62212366580953, 29.030580285533794, 85.67145869587543, 42.242592172441135, -47.96627851836992, 86.20740275742634, 6.940429480564365, 19.492743432418745
209, 160.35247664292345, 29.314210268750756, 29.362725358666584, 106.19935527240581, 23.278202309284126, 59.26080483904663, 17.84206179391276, 66.32483245097453
210, 108.64827016077592, 18.59599926690084, 0.7051109315198822, 17.455757330065143, -18.219735618442243, 86.66389678888123, 22.07873220301044, 55.878763638052824
211, 33.06469943300672, 13.617406646383316, 86.22915920884309, 59.66171797149429, -10.20208923992061, 65.51826707953802, 43.248611713605044, 43.426270767783585
212, 92.14466276906128, 18.6269993902611, 53.53220725907937, 63.40913567017863, -8.076874750054174, 35.86702067091866, 55.21011706738605, 74.30840080120501
213, 155.342630272324, 23.073591143883533, 29.339710356277177, 60.96342756746296, 27.857879248892278, 42.66159323750995, 102.07658936606543, 75.1379200631242
214, 53.60756365036808, 25.664745672830648, 8.975769074957572, 36.50374154195208, 4.324207678975284, 65.37552245385582, 42.452003183002134, 85.35834134577168
215, 56.414652759765424, 29.344257069868533, 11.275570221520416, 58.57259983131759, 45.344195692407375, 1.3795817750059616, 70.70644212807163, 40.80147430207583
216, 32.18495851869574, 22.61840806564711, 70.68091201665811, 60.03535920072028, -65.27319867833202, 60.581812453203625, 20.646568786256562, 6.7775612869937465
217, 111.44336312381728, 23.212104511315342, 11.575596702123143, 39.9354713052796, 41.38670710118012, 13.691468750519894, 62.59920671445351, 12.780257599069087
218, 157.58973482284821, 13.0635545841169, 49.13650893267992, 63.17229721905497, -20.912957036222934, 24.714698600747806, 54.69145903693692, 24.37279188720075
219, 92.90241351225713, 27.747181457252253, 54.70158306188688, 105.10381968255548, -36.85475861542361, 42.750558320311995, 54.223229460437736, 13.884606664904942
220, 33.30073948014967, 17.515283598832095, 0.9716357184204315, 79.18283337685585, -32.701993855193535, 32.4273919880575, 23.212918240811142, 78.03198319976046
221, 179.30948365237953, 21.767217442542133, 51.479006286557805, 10.457357066538233, -6.195479185964587, 70.14643214874782, 51.39795435478315, 70.3538124700477
222, 128.9119712585514, 20.61243522698512, 27.657637011071145, 55.98598041892099, -0.6630221278034867, 18.889086018956572, 89.87573526003595, 30.719865496756928
223, 103.59626383699907, 24.372563614710124, 71.26348745995367, 51.19801827685196, 25.86358558165759, 42.38682653675887, 93.6622723971475, 58.04672704683401
224, 107.38889323839993, 14.976283779576695, 66.19760018867534, -1.6849408503243364, -36.22660042464671, 57.755047187839985, 55.47808582734583, 65.20013212032742
225, 171.01464956224723, 11.968494574207934, 44.714449375146806, 62.42138983688483, -51.03028816186439, 78.14867721183393, 59.41589120309765, 31.95953433815611
226, 54.489644744641495, 17.1241521548202, 8.584338693980593, 24.311824306065084, -79.69009676738658, 61.87014966017842, 72.41668428275986, 16.284764453050265
227, 122.85585987142734, 18.48711500846642, 36.84831670510935, -4.987816857599027, 16.92279551486547, 0.47343484313210327, 99.67848833051634, 13.166236579073134
228, 118.28994422311922, 29.02704472733679, 60.140550804646026, 6.252964310220801, -9.191192429860664, 34.97928806127957, 93.67145179555514, 23.88154682574556
229, 189.8280242941265, 16.840048911908404, 45.21083259645439, 31.608585255182255, 2.1159232633438445, 31.285210003812402, 10.613743452145664, 26.795006601295867
230, 75.38520206197651, 29.88501639312403, 16.38600790400053, 18.17594577916438, -21.780469587609076, 18.640515968618132, 95.60781946659415, 59.23998776390821
231, 177.98175028487472, 26.688761540119856, 8.385463707001392, 50.35485852199508, -15.655914996843594, 77.70675922592703, 69.76848870412476, 55.38154275072342
232, 29.687895679348525, 16.416617315678636, 3.402102668774617, 103.34433913227278, 42.16966637198099, 42.85524132183284, 102.88986877333494, 88.77886912307193
233, 194.56676613744608, 13.628007143353841, 13.314888729833129, 33.862917641421426, 32.74103862365695, 24.757168097807952, 58.537474660768886, 12.04483227013122
234, 83.68584080297954, 23.30872430719296, 28.01123955906412, 84.01363951545682, -41.543849196658286, 87.76081748517946, 35.62890791511427, 39.950499589544975
235, 69.0149325657207, 28.52450297277455, 73.23405311769017, 67.31991275671356, 7.169154189664894, 89.9690042891049, 56.91295588349245, 50.09709873675797
236, 32.591536311285836, 27.507919668310628, 72.19071439512413, 13.510066258221304, -48.32694604231409, 86.06677254747154, 41.41681789230024, 75.96877472235539
237, 32.17402219467087, 16.13312031757721, 43.89112780067915, 3.743617770540581, -60.81532039346918, 55.75504934549803, 79.74774837532534, 53.926144940413415
238, 156.6112026264836, 24.817103874620184, 44.03783997083758, 106.11891813417844, -22.68220672743, 60.118792130211304, 26.90611066896161, 53.55507129270622
239, 84.38999879688306, 26.396722079908926, 77.21131600944948, 96.95454402161748, -31.009129334366595, 65.72774578154116, 20.259073055672214, 82.6957778030177
240, 183.99324913787393, 19.960998753127722, 7.381949658630597, 0.4339552911147919, -27.375910645395756, 9.371891263333577, 103.98749591362106, 47.32514302775856
241, 144.82356948842778, 17.589379341348405, 31.48880511638872, 80.16213305499771, 10.943698410462432, 87.39551532014161, 103.62427773265517, 30.34690360518263
242, 42.34257538679675, 10.941953578634344, 76.87706976152309, 56.240782102212485, -72.13974338851185, 53.37607919071963, 49.9092166114815, 32.27294626372197
243, 75.65538403249212, 26.12593455289114, 39.775046947598454, 20.5969532289241, 12.919483928376055, 50.84415065390292, 56.305168648111064, 58.30103541961527
244, 189.8272205248242, 21.41189429315439, 63.731347111426054, 66.782405448744, -77.36005359242095, 4.597163987882063, 71.62123071483484, 75.56638114146472
245, 60.46314322853239, 15.370941636309388, 84.0182714936203, 36.40684675950297, -9.794627417729188, 63.88384998883702, 101.37922875928612, 84.98321499031957
246, 114.69010270295453, 19.34218340189659, 61.152500608801326, 63.524111026792646, -19.811440549900567, 27.752750113531214, 21.38010575996975, 77.17160494161296
247, 44.92809333721182, 15.136423022181527, 35.22639804072462, 98.95266935959756, -61.85961888776542, 8.436151938888361, 3.493192758529861, 39.88223857665615
248, 154.67341665155695, 18.951670197440706, 41.8602767181985, -10.66659939188189, -20.5497693751836, 62.63632932582885, 103.84628667855746, 28.16169872963238
249, 150.3837190202828, 15.90342100590741, 47.77493870270616, 27.49234205541986, -11.941459336538346, 56.493540401413476, 104.00904285657174, 1.0070824578864512
250, 24.61701843815382, 26.36327874854439, 46.02289465579186, 76.34458724542883, -77.85836735925608, 86.44144958498778, 48.94687220144829, 60.70751846435499
251, 67.7894683921177, 14.98659890465814, 11.3582448862082, 102.53363541277959, -56.394526344433544, 84.6091023994252, 51.55796905855146, 68.4394584485682
252, 46.260674384119376, 16.73579844996954, 13.307581162709454, 106.3468854810133, 13.89278366694839, 83.32003194667996, 92.82312560700012, 33.1350011150115
253, 87.61564298111436, 21.898631384231546, 40.50245506184611, 18.56934241333309, -30.366510060147476, 44.03491037496929, 60.03184237515184, 1.7863543986395947
254, 109.49711031834612, 14.078889167462325, 46.465492920500985, 74.17504037652186, 3.9392085436543742, 83.26410782477456, 103.85820125097509, 78.88684582410828
255, 116.92633931159848, 28.8678249463714, 34.34393419369498, 19.612865015545648, 37.69543793838516, 14.733317778084471, 96.94969353956071, 83.78910074333527
256, 75.94840040946147, 26.679065278016832, 10.739664281071827, 0.5252827738909254, -79.86453499169275, 71.09773094449733, 48.86460009880151, 88.97298850343645
257, 193.32495335398286, 23.44106779340009, 76.74354851025764, -8.926158387095768, -2.708604832976832, 20.3343375736081, 76.11741348191829, 10.99601187867051
258, 88.6286596570278, 28.01419538592156, 83.33653254738428, 75.73618434719225, -44.55785198771391, 49.16460089487247, 85.95662596710682, 28.04946119380347
259, 41.51215678946402, 17.14349673816904, 2.191028289527895, 27.377526500840254, -1.8599293503871053, 49.44714648104797, 79.82661216518365, 2.9559678919270804
260, 128.1446318859548, 11.606043844655014, 38.88813341307801, 19.39208722429207, -10.596691452673667, 14.340809665656028, 79.09994684398298, 9.148610047114843
261, 44.54178070512725, 22.177641202032742, 50.02813340962792, 87.7439797158645, -71.60113033229645, 10.894974594519294, 17.28560470725119, 73.56387102871575
262, 88.78411731110985, 23.635977113464204, 14.138314567491859, -9.298657248924837, -29.954281176593508, 23.62388349416495, 15.527422182116688, 62.39472183958968
263, 52.55401602540591, 16.37824286529571, 50.14506632391866, 45.01787585002852, -58.97166804456161, 45.99096113738047, 33.15837844390171, 52.32812367628628
264, 97.75892835299337, 20.504361534134553, 69.83426157048292, 102.3594089237502, -46.8257797534352, 15.237622774358224, 27.94763843182207, 0.2614641923374794
265, 59.8026528087848, 15.424946209664244, 47.038578424904856, -6.761388401919062, 15.613552750533017, 53.65324929973596, 80.39333611965296, 67.00442514825775
266, 58.82301484905747, 26.046143696129434, 50.780248954480655, 12.310317740163427, 2.2517242919133196, 89.44056045743332, 78.02533843555322, 5.994537499868972
267, 195.90227977885647, 10.035698236153006, 68.31588496604293, 91.06812252970929, -29.33038924679181, 60.230675030263214, 66.34253014997896, 38.47320888044454
268, 121.19300524396759, 10.352286777804657, 42.37759204993344, 52.838118503132506, 11.137749682841331, 57.59096906537286, 6.8580463872284545, 64.69711322381922
269, 113.66891856136671, 11.228091370995896, 76.56885042398113, 69.4118328185396, 0.8200862176467182, 36.399170860612195, 54.578222098552814, 79.9014677218703
270, 196.22284064277179, 10.287628140744058, 22.802669373683813, 43.625267640738606, -23.7798187061278, 85.81794077880895, 32.629584944306536, 83.82559962079522
271, 103.31086886958597, 24.518031288771514, 85.0676726361469, 72.91537943437564, -43.73269978837766, 13.964471846330932, 67.96226682573985, 54.49111431246026
272, 126.32894680464405, 24.668158111919368, 60.0331322102811, 87.57903698632184, -39.44603170427603, 42.57630851678014, 19.604310428617843, 47.96119077321293
273, 53.312708517520676, 13.09792855377719, 73.5710325650905, 59.44185304106976, -6.709884656498716, 44.7943860210393, 58.34597397006872, 75.97544377536246
274, 179.7609320842071, 25.240831786666682, 7.662339652947972, 8.874537029096587, 41.05278098715408, 2.8571359727373813, 56.0844610598731, 68.0041822590032
275, 28.369159959072995, 26.77792154222321, 77.27025433982743, 98.45678383051674, -64.1760163674463, 73.9137228831834, 33.90172830343787, 24.14158487282866
276, 66.86042641966117, 22.342103054088913, 88.91887945863861, 86.96234031898274, 9.434899441890677, 32.848406598085376, 107.25556203726012, 3.580730614153129
277, 88.96866675769651, 28.18588431626306, 20.183198919512172, 41.24652444280217, 10.383862075056568, 70.45989583949604, 3.8006674043436846, 78.36462900456553
278, 153.23474396563202, 18.913993148796386, 55.54357751714757, 14.579049124563161, 10.319816815622545, 49.03519128381842, 36.49686254476211, 25.192620915992542
279, 144.69197140683872, 16.952779796771914, 58.033380200831, 97.43338323570704, -81.05687962518284, 14.468750627772737, 85.42293769199088, 41.67108835276048
280, 61.65900324810748, 18.669117575772773, 38.560256161923995, 67.34159605929779, 4.8043128779168995, 46.26659924851564, 8.651034666370451, 8.522720638105334
281, 98.50837126600797, 14.060218434613827, 1.5147964219260048, 99.05999276290451, -84.54333524754371, 83.32581309328513, 19.19108461741062, 53.91442079737751
282, 117.99018756116142, 17.710475709583505, 8.553442116592734, 56.4223140027987, -39.41624218851056, 76.4273296975741, 84.619447674061, 78.1018302415242
283, 118.99321607006611, 26.836076006074503, 66.52357845811439, 10.585157257792922, -69.51980360047799, 58.03273874372161, 101.3138824248472, 16.840168573221657
284, 171.61929948697343, 25.242193439485504, 32.922760400181176, 26.588725022759235, -5.637377553615522, 19.75631521301065, 2.483945786798917, 36.788880359305594
285, 184.65305646816793, 11.909905568683934, 4.4210786937495925, 57.54230246757267, 28.998645243416433, 11.10083930150687, 103.49756411058796, 6.659726189377731
286, 152.52529978567128, 26.263238325511672, 55.839607104738036, 99.24517372971144, -76.75293484770373, 49.454385096503216, 34.35671113169093, 31.627531345829254
287, 147.4774235451536, 19.614981474312646, 16.33334730861992, 12.296713500121133, 26.243375485149627, 59.02818633166928, 71.02960586924634, 26.551451538458064
288, 63.372972838262754, 28.95187770471845, 27.907069299268834, 54.93123095361909, -42.480361644598844, 44.82605797281474, 105.32417431593312, 32.394846193697305
289, 191.0518170159544, 19.179685601087378, 14.99851936152658, 42.875861614548555, -49.78249252554385, 86.91530299174714, 67.4712918229645, 71.38218890987402
290, 145.66053072093752, 24.736949107830327, 9.552029650999613, 101.43867295031774, 26.374050354768855, 14.272644933889358, 87.49973984963249, 88.09369523915795
291, 196.87074142709716, 22.269737857888448, 21.651248242390018, 35.728532216359596, 27.0384673471317, 14.575629740221974, 98.36162718767653, 24.35468099633453
292, 198.08713766203394, 10.416570197097347, 42.83449026859303, 40.005160786682026, -72.31945470811121, 20.99203163675967, 35.848494974685266, 15.18683992680892
293, 126.44765873745445, 20.380545502635066, 81.7964868537262, 92.32714964465343, -28.65686403263445, 54.7397221144648, 86.21219346779499, 54.89017211953316
294, 46.38189119877167, 16.18161663101788, 24.920869616637262, 39.90541590730686, -37.96851521478263, 42.02209099502594, 75.27917610263503, 55.301230852749924
295, 58.42219685979691, 23.173933033527753, 26.750530586672703, 96.15809367896634, -88.56772234272385, 79.67052072459316, 39.0110050180651, 27.329610011531198
296, 173.09919851054917, 28.77757941823458, 72.67543808355433, 26.872657340414833, -68.67864195289104, 48.943757371253305, 108.4663042612548, 86.8551007540118
297, 101.81442811849351, 12.934691849606255, 9.5239371086208, 0.9479611015804037, -34.960795427656656, 47.32333291864412, 41.29730661274714, 81.37631299588361
298, 17.519012914838086, 19.655609546242374, 56.422064300658974, 8.872196242906066, -87.53111631642074, 55.748935545069216, 16.115296140997565, 26.832156089867965
299, 95.65710514611831, 19.704286549339265, 13.738195541303352, 61.32728278230355, 22.79437459735944, 84.3316949578847, 49.06569300089432, 20.68278640803598
300, 195.70769297159876, 23.545062668083197, 30.05710839593847, -7.729349399109247, -74.47400007762064, 86.05724749101937, 80.06478387728798, 77.81502162832251
301, 51.37247898291135, 12.326280168492437, 13.935709914281905, 76.19413748780467, -69.53944765201753, 35.00150743038334, 9.012235865205868, 84.49647454272386
302, 132.12722582815366, 12.487625465688815, 1.3904726872598372, 24.813587254246414, 26.087312125996817, 81.95434022120625, 95.17284839240166, 40.43379263782011
303, 164.11871832999586, 14.09870725278502, 56.6011441326291, 48.84008266235736, -87.74666298291565, 22.51287216057124, 107.56333979781485, 24.455713371330436
304, 180.6407565044267, 14.6508352309295, 14.557566215518342, 80.53724820194613, -21.571130799730966, 49.110715200556875, 99.6525944230633, 60.89555082016223
305, 60.62879788253902, 16.43263046123293, 88.13256211420443, 31.24467361689739, 7.289242273317711, 57.86683033771173, 28.224806761456637, 37.59690864171879
306, 12.298806432953047, 17.784663127535605, 36.69079108103409, 12.2745110789987, 0.3747554834541944, 50.99430333847557, 78.06066376748174, 36.05723401310555
307, 76.28867965830847, 24.923726782638283, 59.86772452586491, 30.53515582649967, -79.83524379177773, 72.11048008610277, 16.25774383454228, 50.078611644601345
308, 18.927700592021854, 16.1326316696344, 3.5881561725575803, -2.1887300597438286, 46.5006997812543, 55.93554510609132, 65.07731344901289, 84.25119028038883
309, 18.818012041787505, 12.816282040476285, 29.01072167448953, 87.44175536192883, -11.786602481079811, 24.655604779300077, 36.27647524253677, 17.401228327061286
310, 18.93859438915672, 22.28665337365786, 67.24983113949398, 11.97808898818253, 46.3006644106304, 79.81053619679788, 102.17777658504109, 73.91883145388395
311, 91.18494093769878, 11.073767932333588, 7.500497357888385, 20.589316463803588, -27.18845384747345, 12.225471553081714, 44.94561910738627, 0.8394483657800644
312, 137.06125081456744, 10.969634038525498, 84.95217896526333, 74.71791398175235, -74.30138258379458, 44.494242919466565, 25.818169117881926, 33.26286035740115
313, 178.8965284453526, 18.050081567185114, 85.47704925157616, 10.558015353556357, -63.10582607317917, 71.7094832966506, 29.969128451388062, 86.21642026708726
314, 179.7050221699569, 29.378412953234417, 6.176360235346686, 42.303978764727105, 34.16225626561997, 36.0095305254766, 8.752079905245617, 66.9835267154127
315, 198.74909400839468, 11.611922435296488, 15.852632956048108, 73.20496719161213, -77.05713222734951, 7.846415015067426, 90.87267830554876, 30.68936185419979
316, 138.39763312412816, 12.971995950499553, 49.45089682832742, 7.993059789906625, -47.888741938372874, 11.191939882407755, 18.482672723165035, 59.18154037294592
317, 91.6717367757853, 17.457341593375222, 3.109636344592953, 92.7650534463855, -56.06833927515017, 82.00953177744968, 75.15193555111033, 14.600453135575107
318, 154.34651360821337, 24.146912644955624, 73.64926434977609, 0.950084695931629, -12.579027596838486, 82.93633378843832, 9.364369617929126, 27.119563575098688
319, 184.88269692767653, 10.442520343311044, 9.692338922563788, 40.667579958093896, -37.05705460678521, 2.3152140748013745, 15.189155976460244, 46.817610478003125
320, 67.26637781641261, 27.758599679745707, 72.4625297387359, 90.93970012573011, -80.98359109854337, 80.40229196018905, 1.1654320129077667, 56.11261738717227
321, 88.7323764529889, 10.200268932111594, 55.577846614584445, 5.71530041946498, 26.645104978499276, 31.068363706536303, 73.78384426148475, 8.674975737377336
322, 198.09573219610442, 29.88048714593223, 22.409201268874014, 21.26661574031798, 8.590447183292198, 47.3084683095257, 5.176598382088534, 34.646744506786824
323, 44.379997614620194, 27.987600773388817, 78.02109760126545, 67.07892366570407, 5.49723029872132, 35.99320279598306, 49.134427592662824, 1.4153596820783887
324, 12.157616642172929, 20.484331533769904, 68.36626836648988, 65.36785101107023, -2.061094021356027, 66.927188326202, 48.880061427029, 7.16620397682864
325, 21.458388425447495, 22.382317541119832, 72.52930118033684, 90.53284621037659, 0.5067584090057267, 36.487464018200775, 89.30930525872228, 79.50121287410018
326, 106.69689966814049, 12.235856427688132, 26.354863497621494, 33.000319371623654, -45.833113679478146, 33.231877702660846, 96.0164470654245, 8.357176344826224
327, 44.23481584591263, 10.42961957792963, 43.63257466533945, 37.43442553519195, 29.842689599703743, 71.43218748741621, 70.4652882082446, 48.039854811900625
328, 85.4539604072974, 28.60900621204292, 48.648352318682306, 100.26353547455685, -85.78725120344176, 52.47262461854096, 55.95806961522074, 0.9618304353128058
329, 137.16598121679112, 13.519065651890195, 48.77420341400549, 88.97570825847463, -52.30883375051915, 36.87575076667105, 58.9446100495137, 64.14939386868484
330, 118.47489365147243, 17.836705770881487, 49.038860610491774, 1.5512237817690655, -36.21137326872527, 1.8645975470633114, 38.331018542961, 37.35894257935754
331, 137.14265736860585, 12.85580928702101, 26.991938333617956, 31.848705688034944, 21.2055081925706, 44.92419091844477, 40.13928214117475, 32.52487048418988
332, 38.46045351787331, 17.99257393300687, 74.50869309841711, 1.9340202931494392, 32.32556350948791, 65.06466250253669, 79.10526561711434, 15.982268772665138
333, 62.85510637251829, 24.98992818727298, 57.24920046719873, 34.21367522716118, 48.09195018209263, 80.83465630185194, 44.22585260254669, 57.70047513222743
334, 32.559638742506415, 10.818039471663862, 84.91494856384061, 22.31301224631271, -17.480377476069233, 18.92092501895416, 32.048163502655946, 57.429472837868694
335, 193.8265068835437, 25.615711922689442, 49.83451230722606, 49.00532722366332, 26.389056882006457, 47.06785991430088, 44.76769659297466, 36.66902726942452
336, 156.7542508280462, 12.800507504852572, 3.7491335319966805, 31.283996348037203, 2.8916506828586677, 23.57780874465372, 0.5011493756465445, 88.38595938057301
337, 137.25289039994914, 16.64915239005865, 45.17285276505924, 14.598170121748005, -1.888829849441791, 22.975943089258248, 58.08510356435338, 7.858340392057871
338, 191.67849775121883, 18.518486218697866, 67.25655339661952, 77.38332942836163, -65.33320078438642, 70.9059558932564, 7.462873780909091, 65.78406007121315
339, 67.61293287608086, 18.2694356166029, 9.509155611644754, 75.76410349738671, 47.77252436250242, 22.375709659877824, 1.6236492640462719, 29.949958303274663
340, 175.75393534753192, 17.821883858278007, 8.516606098088182, 106.03183392855107, 34.96105061562821, 79.87586675822841, 83.90171673922582, 12.299905154264886
341, 126.0832738471778, 16.1015433016537, 42.11742232885117, 41.742684431132865, -1.0093484943119648, 8.410728841987632, 103.03415319512497, 68.0476672794286
342, 26.341785333961646, 22.115024362400494, 64.86407284710428, 80.0702497916792, -37.235614837923265, 85.26499969754515, 10.663907980089856, 66.5525266641761
343, 144.26435939481993, 22.9257142998141, 45.481495844190164, 22.410749921281493, 44.79226313384075, 56.02542922150845, 75.70150265507813, 56.51983427906247
344, 166.56966720515126, 17.630191762685023, 2.9649397016410637, 8.324913271356671, 1.2082150108852119, 49.60833129558698, 108.4499831795018, 62.00558521331374
345, 82.03492015340348, 19.83287894163274, 71.79357073285875, 5.6428546157524515, -12.64611751182845, 33.98882166417962, 18.674241558889317, 35.29575258670912
346, 52.5736675628893, 20.982781720618537, 36.49633696937806, 51.82566444263087, 7.429113269503871, 52.42855368600945, 75.91188438618019, 54.355911190171604
347, 198.4909370348643, 28.943648162715615, 86.6130515707168, 24.219925144644705, -78.88539341603669, 22.078291210043112, 65.13096731472773, 45.213752652364
348, 79.0893658143816, 20.016467742820666, 50.230857060037366, 12.607539903711412, -6.706361793329904, 72.79360501709172, 53.74393418928253, 62.219257692334324
349, 143.43614367698564, 27.091988575464253, 5.969756368160649, -5.299498254102342, -2.501907174038081, 13.574113913120703, 12.868851157396165, 49.81496033767396
350, 187.877022757764, 23.23109305708448, 40.73388792917133, 36.35474979340312, -41.098245479203584, 31.771703356550105, 50.914024719040775, 55.146933426085226
351, 142.08554166824194, 14.644768385878644, 43.58919044315321, 28.04083401262264, -73.82217643763484, 53.32588043534132, 67.13182108337021, 31.55768364860313
352, 37.91380937432384, 19.277142165562513, 15.434484700673478, 109.60655062462997, -19.89649882191972, 69.40540249704657, 50.523011255830674, 44.037960155859786
353, 130.86464546151598, 27.205644925930926, 36.51203303962058, 44.238824718473786, -53.53465987841698, 66.56577935929465, 109.10934843107512, 46.817308237139265
354, 120.12003219312379, 28.326724209203064, 76.98706640120133, 91.02208362154383, -7.615150816807471, 5.403900883136805, 49.57062784794613, 26.597720601470805
355, 198.73666076505953, 20.005775024801135, 8.924527111713518, 53.23532123283424, -17.386240185060558, 58.163553995089735, 63.75687938434351, 47.76860506835821
356, 25.54288083260168, 28.27000306960491, 22.40441952366306, 1.2566377540425842, 30.78660756997313, 56.87673126744162, 24.602845865676215, 56.947299224774056
357, 156.34779638316337, 28.180737852633364, 4.641246443028163, 89.20093042137118, -75.74915042002146, 21.763712988593653, 88.66259244215884, 35.956381423440774
358, 65.29987192028918, 20.09586855946329, 56.299868615676964, 109.03368431815683, -77.78206819460749, 84.2301800390585, 14.606688467777769, 54.68823957769992
359, 159.27891638224415, 16.030346834933695, 70.0703929724678, 104.17105420016038, 36.316984123221665, 74.23230599738925, 66.1619323177489, 80.16583470155145
360, 65.97344201480189, 17.88634179453531, 10.48751371822038, 80.00071775223914, 28.639539286770173, 53.19129152059032, 83.3281090704565, 10.814146908542442
361, 122.67302780991814, 27.89157705105863, 50.97648899679852, 72.05410700498489, -13.987054266944526, 2.7056237206045792, 68.62495665945858, 50.82237296810042
362, 126.85825625460606, 12.486517961702397, 12.590796405595956, 103.46292063419918, -60.97527453062077, 46.114291859274445, 27.752769065490742, 84.87277974313999
363, 128.25713783988024, 29.700142873531952, 64.42872990839973, 11.136653257737184, 15.141268172963663, 32.47499781398211, 103.01590771205433, 86.81011603109424
364, 190.23631063471942, 26.037938653837912, 84.15596970715389, 103.97047874170043, -0.9360253007142346, 89.00216346650717, 101.73899313087743, 22.58857958881458
365, 169.2062786397378, 15.654174887384082, 62.99236969957947, 44.3928829637126, 3.5841428685355226, 11.35244189680203, 10.4748272648943, 86.70033442247886
366, 56.017954634651346, 25.38067588138344, 64.63236278123048, 60.85109380303654, 36.041867980657905, 34.80833828080015, 37.902947613091506, 29.588081636832168
367, 162.71889799323725, 21.43724797388797, 68.27616162803595, 107.94864753983477, 41.58188403602662, 39.450968069238264, 84.2436260651832, 49.53404983144749
368, 53.36943308361818, 21.318304313989707, 29.249184785742607, 50.50797555392364, 32.752015825317265, 71.14493212053522, 68.44185331302559, 23.983221314163224
369, 53.40654880239091, 14.027875780919178, 8.997197336271112, -4.811193260939104, -11.724781458845214, 22.114565630102813, 88.23120090966069, 50.7286840855405
370, 162.50400611683642, 18.3511886637071, 11.964059926884445, 75.52825355298376, 6.693121481012227, 42.67304427891252, 90.1401513570071, 65.83619161969321
371, 155.0726714084016, 22.972878792448796, 55.07361236924384, 85.08618228196953, 36.05040060485571, 1.1391973199344696, 17.239372525208953, 72.63491993280152
372, 177.18911715352777, 18.168231131520617, 0.603491308947649, 51.706158665625594, -29.23345897228544, 31.532696878869693, 77.06957280751213, 55.17769852191325
373, 34.92531790296143, 21.14161498055327, 62.734470171936444, 97.58811805734027, -7.481880907379008, 43.48089579157531, 30.018244827715726, 29.249248054146094
374, 51.93498313054044, 25.540078070943235, 19.498780842180903, 38.794757031329574, -13.501118410422421, 83.86118922680015, 63.865013504779434, 11.683238790694567
375, 13.961848150047395, 28.551010011342154, 79.5906813240444, 46.672128409381955, -20.341568116645675, 89.85304906410845, 101.8037643473467, 21.39863383748485
376, 131.51719868002328, 18.346297036825874, 50.38019104041843, 41.441804077921134, -53.71237058079324, 82.47839737017358, 16.306178789012996, 19.325192922781564
377, 183.87009466494897, 15.755104139947791, 62.29498658997941, 44.136466687385976, -3.279884442232955, 18.263054222694365, 105.50215085780917, 28.09210673553951
378, 189.53470715802817, 22.18193098411044, 32.38576961792535, 82.90610815336805, 4.389977529606227, 39.73083365512475, 109.00372881627354, 71.26781392966754
379, 154.17988884375123, 12.13102714764796, 86.52001642813262, 88.36698541926002, -29.904202836808146, 75.472071185522, 71.79528534322434, 15.117035894166014
380, 20.772023674752045, 27.97909116903847, 8.230153201934948, 109.77767848701647, 16.19466907914912, 23.23701816686117, 46.306730458546795, 68.51236046439375
381, 22.605506522610007, 28.671897176251942, 43.16550191016746, 13.979172143709421, 35.487227167232646, 9.550822735133874, 44.89618371162804, 65.54819399146106
382, 112.82788202831449, 18.619103052253383, 46.84592536024819, 96.13873370151833, -83.0394104902621, 58.84806177221674, 74.96465420754883, 69.9366550860379
383, 24.70373806351803, 14.70817832936971, 87.22154479714963, 104.69980966155795, 45.022152290844666, 74.31897598869175, 64.62360942786333, 19.924670687237338
384, 68.82211996091465, 22.041890573185256, 7.580547178502325, 70.9893258378913, 1.0796764877612617, 53.46518773418372, 22.781678866639194, 42.55351202320188
385, 79.74897144628422, 18.673620628076513, 20.931142053612884, 96.67995052402883, -25.62410276592618, 64.23914620455565, 76.87371278844219, 89.25866753225665
386, 80.17696105102802, 17.28352040522409, 76.24164724276201, 20.460773549556052, -10.19799469843663, 41.21027677852208, 68.3677993497448, 46.521926554591694
387, 32.443644890313095, 10.001003620082095, 83.69005733430893, 6.775967740892572, -63.21795753750902, 50.58994738086757, 94.55035788848173, 23.93385041309594
388, 68.55065496862312, 17.80659014780063, 68.00947210078391, 69.15533021599624, 12.775506254920572, 44.86152044042846, 31.80176780592723, 51.64615289990027
389, 163.7076326332887, 10.605702662438345, 55.56443263421647, 4.397451327086216, -68.87772452659026, 20.675875344037344, 45.96038510539549, 71.65718141022494
390, 63.344835175044686, 10.135800034941905, 80.15848816418071, 15.6143452975548, 22.958872089406, 87.289951042016, 36.85066631134862, 63.77900289982553
391, 167.1967020167729, 20.575409150567758, 61.42879264176554, 2.393602203650433, 24.7259859175184, 10.425683036139539, 2.796475909353768, 81.19589287741924
392, 23.71255092930819, 23.497698493039714, 6.14132903596108, 100.00337319446344, -20.746358621203754, 20.618761128429224, 6.700927750304362, 13.965872518240857
393, 99.95565991919158, 27.72599728021936, 29.34082903378119, 98.031021827966, -88.5935841161258, 33.03807685030024, 106.86208844846962, 74.09482208331099
394, 61.33225198620424, 26.48581393954162, 73.32528330900728, 59.57880809164915, 27.708922288247592, 83.0119870290092, 21.74619773385239, 70.14116647166318
395, 169.51782792701573, 10.537195308099601, 79.61557924704219, 107.0467466729006, -47.82190588107368, 44.50690197265843, 37.286205852286784, 74.10465541587276
396, 171.55687849598232, 27.510596868147882, 38.40400957926091, 60.414469592172935, -62.654330897412066, 26.14777556932913, 59.75472948772384, 13.194233322673158
397, 142.97793452367753, 12.905868101502517, 50.815382707801454, 30.48085069142021, -10.574662307555926, 68.24311906242231, 13.466400790303817, 87.48205603572131
398, 61.16092836507188, 10.49157606464181, 28.08461839283528, 64.18593393596744, -59.34303856964442, 23.401052806758432, 64.8451443809104, 38.74417506208759
399, 109.53763301387096, 23.730392709781455, 84.10082626720245, 76.10765179317465, 44.98143756804771, 79.15291136926324, 59.30084486127114, 75.97005971478562
400, 79.80220251782174, 26.320673542413978, 48.37140817202482, 31.062135907277963, 0.7569174623431252, 24.90451944097976, 36.27557275029905, 4.30267532314645
401, 25.652781311886557, 19.27904184052411, 88.97622890697004, -0.16530944118222557, -70.22522172485121, 35.24040226677186, 100.3331808019917, 23.74546777899722
402, 75.7233698561234, 15.0559180053021, 83.80737484200347, 106.49523412958852, -28.766818209972904, 22.150035509414035, 31.62768205033322, 61.547123991724575
403, 80.12411679854172, 22.196847237794785, 55.10584766910781, 43.062711096319646, 0.3555616388622411, 25.128676486669892, 61.9516102585814, 70.79304704598972
404, 51.60233255204422, 23.508356974565917, 74.57878317402181, 70.66913936690736, 5.7787264956842535, 81.96599270766418, 4.716663028209959, 19.970532208580337
405, 182.43944091358534, 18.09576866878887, 58.52064408673359, 17.54573517118568, 17.57540212922834, 88.65496089472578, 54.74146638540767, 67.75480849834358
406, 133.52727811937058, 13.45712355390146, 46.410014956294866, 2.2179593307123855, -87.48180720386942, 79.83599737876348, 87.84404334435222, 60.48557285768971
407, 17.679300091860714, 27.44204402705611, 72.89946028182908, 58.61940951117823, -83.48535922515435, 88.2378963070395, 8.48166472396352, 79.97565875842207
408, 102.50414079598809, 18.753234805957828, 57.32142486757306, 10.389197218765927, -76.82781200090417, 11.632668907004462, 25.310570247508576, 75.7674447672221
409, 162.30593500923055, 12.440668653314344, 38.168696022643914, 38.363009400375006, -43.36813392235827, 49.68988987239507, 18.37824541796789, 57.46061281249363
410, 173.00576313559483, 26.760532253656, 71.40367045298979, 16.28589592578125, -18.55417958865685, 87.00986329171793, 45.45242564075468, 42.166650807931134
411, 17.15619719162571, 27.482795494599113, 68.62984559716219, 94.65155810478035, -53.447058015137124, 75.90378013369022, 35.936555578747175, 51.50927724041495
412, 185.1886837185364, 17.67857430742152, 15.258709809973706, 49.24966753031478, -86.71868165176186, 37.62252013075344, 23.116705134471996, 14.71509644374425
413, 68.45039061797888, 24.30981819884515, 47.204425342979555, 87.38350073041751, -87.59169384186985, 75.93023722213118, 66.7427088996462, 51.248308482004695
414, 104.38705623354718, 28.525892513767655, 46.91889154319386, 2.763445970343396, 21.838832509436273, 47.29581614601586, 74.13572348713522, 84.1542429425516
415, 104.21030446074694, 16.952786418316226, 5.010638179180448, 20.24535903000083, 7.912637337529219, 49.9144273708439, 65.1489465330053, 39.264828141414206
416, 124.4363557422768, 29.158163169040353, 56.7742698778504, 94.42404664494022, -33.607775610976496, 18.081050907296664, 26.064617053383163, 24.35525112598422
417, 24.004882142097365, 15.565428006263888, 77.71061137349132, 48.45489390665209, -70.48835473706454, 64.44584359104773, 109.78367439308238, 69.02914355568997
418, 35.92336499567068, 26.6719300629345, 54.94988352345468, -6.545626384031347, -84.032216127877, 23.367399882905215, 36.260982222765215, 51.071689961759056
419, 97.39125234486167, 10.649067074245801, 74.56535138016599, 10.27676408094434, -4.353189045407034, 73.76736806317678, 78.78246887336822, 31.256856359515787
420, 84.99847948969774, 17.68737399936546, 82.61841288545244, -6.399542436118023, -71.86576970649165, 10.924397907246405, 65.56347501358067, 30.627829811646567
421, 152.96836833128492, 28.050289298138875, 30.045827878514462, 30.99660207042252, -29.70926979805084, 62.74896559559942, 30.328634812993332, 65.69291913666642
422, 112.55257443275332, 10.756972194134205, 53.47972068892766, 87.08910833333402, 28.806820087828015, 63.88719965995554, 47.163769297367466, 52.38244012755193
423, 195.83253447069364, 11.166533001244579, 64.25022335498288, 56.185744586582956, 7.779328427969787, 64.92728662043173, 91.20900687536007, 87.05528586580664
424, 108.80660292042772, 14.621559411650582, 10.29203620248618, 51.73460400218531, -55.02290815009675, 79.0362676099784, 36.222275076840866, 77.60605122349887
425, 33.67210557543976, 24.405139992215144, 57.67866551072419, 59.89213386683629, -7.840438508434204, 66.05672276602716, 88.45730089257465, 83.34548830066443
426, 23.95261203723131, 13.608861558527696, 80.01273931059264, 79.84290264943661, -89.68444241282697, 45.93950685120102, 90.09925792316952, 13.144302908679887
427, 164.89951048429648, 20.548746108853614, 67.17741337316352, 64.73253544022768, -1.9987796706102332, 80.39755866208259, 68.69393229820632, 39.1633496320377
428, 189.97252597389775, 24.456337226110023, 80.4426036970279, 85.03856918106139, 43.00781854354212, 23.483478039678477, 48.523319575504146, 80.27060138893229
429, 184.63989630931434, 25.986360821901, 89.47059000374043, 105.64215119279221, -32.30388143662274, 12.443899822046216, 66.22398341895152, 39.079097666342065
430, 152.63497526741068, 21.14335079887729, 28.552925099929652, 44.41033203816724, -64.61540446028327, 48.2942265232756, 8.750934540941076, 38.08426122169685
431, 23.366518448460653, 11.87297966531242, 87.88824620365658, 25.680634414440235, -80.57929923215714, 48.87939784133394, 73.11322273049822, 36.624980266904245
432, 67.9652996975122, 10.636983793311126, 11.179507932171656, 45.05400150332774, -21.311889719758327, 23.88807557135367, 67.87593032643568, 24.336196133267713
433, 149.6996898277433, 23.395285772432512, 74.87011867346789, 51.845408181885, -66.48755865725447, 72.59087008749876, 57.51319994573042, 65.61636586245507
434, 199.17142433090459, 15.333040254161226, 89.07323780821731, 90.6885228207287, 22.813207842455512, 55.65428688878237, 104.3967272942164, 34.43078225975811
435, 77.95848482195271, 18.271973786085237, 21.896187301845725, 51.586886893946925, 43.79003386567442, 37.27777226026277, 54.08718549689068, 49.24525263347966
436, 183.67600725365924, 19.943143084128447, 85.55605466436174, 76.45698824346562, 25.578550198131154, 41.79799987764669, 8.45791595883156, 64.67921144090064
437, 187.52898212874499, 13.414828352120892, 39.11401797351087, 57.03564009494323, -36.6268075969916, 26.3326128759902, 28.24008003533249, 39.71741931398908
438, 102.90883462115994, 10.571550749499817, 10.486425250984007, 81.30878091511183, 2.956047265841207, 10.004566489070344, 75.28683058184637, 52.46679728298281
439, 15.696033106764347, 18.072955738126698, 77.56225258336568, 18.15802608912908, -85.21224241094662, 39.82564636995613, 82.81010645286992, 70.42842282636325
440, 197.5238712770769, 23.024583561816073, 6.981549010069726, 49.736699896599035, -82.55085313228031, 56.78026998366754, 34.7466133767816, 86.46745439138756
441, 100.87954165114094, 12.589694446320628, 72.03096575578147, 26.747970307507686, -59.54047859083637, 43.378814016747654, 66.30448750525527, 28.805461113461018
442, 121.86473290745907, 26.480967607362572, 4.32913189878124, 53.34024123234572, -3.352716880484863, 41.20830180438819, 74.48371328025989, 16.20810496829981
443, 137.46434816852374, 12.906981128480489, 7.873738648247457, 96.66026051282438, -69.43045799461133, 61.21513741201951, 18.260675678982018, 18.242017585453937
444, 144.4160174395263, 23.517830916536724, 29.601184501046248, 14.41700280980317, 38.09396850110004, 84.46936328853555, 63.38431325111233, 43.2226853132555
445, 88.04730590342169, 27.936592102156684, 3.573483361679438, 45.33308663537536, 7.219348113203396, 76.9746385537573, 20.423696922690734, 88.043974826217
446, 170.05557405607473, 24.539621929235754, 62.45652763347325, 69.36219637845836, -64.79945512855141, 89.75312680381717, 76.04883337610164, 37.66722931843085
447, 159.9458978320244, 25.838731687654537, 2.423312239507376, 83.86748321435078, -73.95320068651438, 10.293719328594175, 7.013381650948053, 10.812716077706382
448, 54.124003956327755, 13.362851306354974, 36.813735088371146, 105.2566571154663, 27.72245082693898, 52.82466153297459, 64.42265262725161, 60.75371870513109
449, 89.79523064383146, 13.340033013886764, 14.726352813705642, 72.66359214322425, -13.835439472898969, 2.000225234126942, 97.13251811421507, 46.37901662812521
450, 110.23713019300412, 28.139032353928403, 21.433526792080013, 85.48405609777632, -47.68712490356103, 9.987147963816069, 39.677185964625096, 38.791256473422116
451, 161.5216680655194, 10.750002396590268, 64.24648158098556, 5.768048431567229, 37.82264289328404, 36.89291699819171, 43.149813339913884, 22.59060347370457
452, 54.74991315842605, 20.430270844686895, 13.912837659224897, 19.022907097673958, -37.37692244271266, 81.90192163833038, 16.991754243452437, 86.74389708923718
453, 161.92364035205466, 10.457503118654596, 15.20252249785814, 80.18309443547726, -24.300296047831807, 27.701215603290446, 55.03111972439027, 58.60411271711414
454, 12.686353864259544, 10.63237248908962, 70.75068051373702, -6.693692640966103, 8.518550691061876, 44.376503873083855, 107.95480696999321, 39.25923341632917
455, 146.54359938445214, 27.5260772491825, 34.06439109183547, 104.97700745001316, -48.08739659951298, 16.908830530796433, 87.7810401306798, 69.11964183836712
456, 139.86442524472494, 24.97438542390634, 80.21096155053588, 61.681318609211274, -88.56281967189696, 81.79186749148582, 18.47557306298359, 87.49225226015403
457, 44.24735624550809, 11.280576410249184, 73.18265508518382, 47.67854767575451, 33.64112061635403, 52.678166492869195, 4.848066562513695, 47.23703464740756
458, 46.83361709842301, 16.486163554666728, 34.93461446836227, 55.51311178515553, -56.15134229223858, 34.82765160846136, 21.406327681778833, 89.5008090745048
459, 34.76490380262296, 20.334112702185138, 75.44937048341002, -5.515403641953305, -54.942345155238385, 73.69524802139188, 106.54170616606855, 78.01187277271774
460, 118.28807233583352, 24.657115004291263, 44.364914159264956, -10.068475419206163, -47.757354546211694, 33.8682521588477, 104.83992591730447, 25.363665727325618
461, 175.23292563996475, 27.229156934979784, 35.21463776390515, 44.49302113865461, 10.659172670234964, 19.136406396978376, 77.77411884057257, 7.8664283485983155
462, 47.71444407553431, 25.71933510238267, 23.791842876885543, 12.152195963791662, 19.217505955785217, 77.23924984089267, 88.79972036544737, 41.679281274775796
463, 179.9844793232175, 24.78889041246686, 70.47288090625965, 39.7887729697983, -37.500075485959094, 15.079908926603627, 77.80118117938072, 32.83413104546034
464, 90.84097794241305, 27.32830810957897, 51.32499327413645, 33.35029466036606, 25.5693795943873, 82.05498864670275, 25.797398168931448, 87.2241974526452
465, 78.41772410858063, 13.431543504659022, 57.114432720854644, 63.16849654800189, -19.890538235471013, 71.16984290383971, 48.82903405076709, 23.551225246230334
466, 103.30916074548402, 24.490965334291623, 21.201811301802223, 104.89971013886006, -28.09856003421342, 74.58468372621837, 9.23588658094286, 65.49257572033852
467, 177.8226973623765, 18.920773344487152, 48.59792732393983, 76.99394666860923, 34.338774882030556, 33.71890064903111, 100.31319485096647, 47.76975722538134
468, 176.59866874917662, 25.824247234897825, 8.812756154804019, 62.14948765036645, -67.78262059448826, 19.63324511501209, 18.162130546617185, 5.0582507729407755
469, 116.96377021565718, 27.388286938193055, 10.339119518084704, 61.12333636045703, -83.72302990201271, 58.84865899203706, 29.158627489728705, 56.82846412599063
470, 146.03334689013468, 26.132615339520513, 25.784235030852223, 6.030015298417356, -82.52046231486464, 84.16384434240429, 46.921278725565394, 14.97094497342499
471, 18.15602933806452, 10.045570696402235, 85.14707788689147, 28.389458748258292, 36.247741836060484, 14.172645285904968, 44.490552501778915, 33.865153621548174
472, 173.23223578298573, 23.419089126367215, 53.14658332325668, 97.69896740606126, -16.522243807385617, 43.8807955743776, 90.77539821111034, 88.01691132307414
473, 101.97163293249625, 27.463334732880718, 19.6669517692397, 39.60128478915834, -56.00634283441479, 10.044947697418094, 35.273327449431804, 9.436933221964322
474, 121.92780695287733, 25.57936995160286, 9.971243147092073, 9.8108342822213, -71.79784387125576, 24.25130274112614, 1.5833521622706535, 54.689314528791556
475, 147.88056783144145, 28.68201282099883, 6.0883237753232375, 98.63481771817463, -35.776552356524775, 65.46558367548644, 45.35331881661637, 66.42393300089505
476, 138.7860421965633, 18.85168532249111, 24.784745207428028, 35.33458624640647, -84.39963180763743, 48.059082711329495, 94.89269235737227, 6.651933038224469
477, 136.98287599588076, 19.86389870079739, 27.41937115207893, 42.36946049738796, 22.238216128893114, 69.32997803586419, 85.62009276158405, 35.807597844300844
478, 30.703143311455115, 16.55768612117069, 8.32677072667477, 12.007899612380449, -83.71206206189119, 63.23055435934464, 43.881021163930065, 10.117019646608382
479, 102.75324199894108, 29.955649255545456, 12.434899532893116, 26.686083281010532, -75.23495618905835, 80.89418069799562, 29.12731665416992, 64.94619781396572
480, 192.2372232107149, 12.749322604819422, 33.627989217793804, 42.41949214533664, 18.42310685937069, 47.72540403079509, 76.12891165650237, 42.23304010607921
481, 177.82215999596764, 23.043098408061855, 39.15107595637432, 75.29613539143267, 38.66470210199091, 65.63920521539215, 0.4099882081725592, 55.33884142176223
482, 114.81864873636114, 21.868114987815385, 7.90314338291126, 77.90500082245923, -58.132518982100095, 5.780894771972961, 58.23928767237967, 6.649789519562182
483, 15.214667945618574, 25.393986669172683, 55.08805333024322, 79.16768440779214, 9.573031563865383, 39.642503627610836, 87.75280794293063, 38.46738926036403
484, 32.867889922420716, 12.931274274099376, 89.53823277876232, 31.43638665049111, -42.039615591220866, 11.719338996725526, 51.770451781929594, 4.053140828469249
485, 25.844221387256383, 23.638728131100116, 17.1158749291212, 47.69414857039219, 5.903279504794185, 40.18067349939362, 96.23770383883722, 61.84079341610065
486, 64.22361252130625, 26.196219046407116, 58.902626605251996, 103.77530544635023, 29.023828567054117, 9.74409122783658, 99.59536375523086, 32.92512413384989
487, 143.50881206019457, 13.316030835406439, 61.70792886078436, 55.91969682626406, 33.43984948803971, 72.97952117716464, 99.84190955205239, 89.93137605900246
488, 57.30752320861671, 17.114633570955277, 46.10186352540085, 73.90141144732657, -8.332792589664194, 13.738620784579703, 69.32974005085991, 10.118907679603977
489, 150.34055114706896, 11.514900922244799, 78.99514057000938, 45.452434330812984, -13.03234449434062, 42.949006199155114, 91.6995211990257, 56.00744205741207
490, 60.256512904356, 13.789673597705757, 22.655629376157766, 2.0374364933218185, -30.27080267427756, 79.28153960697924, 11.594371375984947, 70.86789522465675
491, 139.09140470225668, 22.401939274929674, 49.810299067121754, 29.470348711059913, -17.889518114446147, 41.9110267947961, 26.89373800213854, 44.41657100146431
492, 141.99405620098548, 16.684162625499457, 36.78198255939383, 58.4584673116488, 0.6452503499733524, 42.792451485495405, 4.898276451245456, 44.813675280734536
493, 178.19362348479197, 20.39495686527374, 32.325777477693585, 89.61933996919488, 32.212483783095294, 64.82892440900972, 101.18320528853887, 71.17175264607609
494, 124.03919651954885, 12.455419983431522, 18.198948660084643, 88.79561697321435, -66.39825384132317, 71.06632607057611, 63.83485269477346, 57.08923764382759
495, 150.94320071185604, 21.881931267490682, 38.878449708282794, 21.91390437096991, 23.682441834767886, 51.573578408555704, 93.39481352904511, 42.39339797051155
496, 147.4317077201385, 16.53204323875539, 45.10054986179368, 60.480995146384096, 16.91529385486515, 63.078495880792296, 15.723903179790792, 1.2261948162918768
497, 90.67114264500681, 14.57284736910716, 21.323696985678446, -9.139211657966573, -21.609548843540438, 52.097268969536884, 4.939782216910587, 29.190749158005712
498, 29.458912261782917, 20.282955812378376, 11.452855904371162, 37.87307937388703, 0.4108657037771337, 89.66638698514132, 108.14055211363767, 44.0152601322779
499, 138.27492167180438, 28.896388804989538, 49.1949533113499, 100.22218073984115, 27.04465953851256, 6.684421443044028, 109.7584142053234, 56.142457563610904
500, 40.640493121678226, 27.45435806484621, 13.883108125142304, 43.40904940601469, -2.788714937270541, 69.5564355077491, 69.36329280357513, 30.806131155574793
501, 83.69754543612355, 29.464297538641897, 50.49965746190898, 5.4753458722555735, 33.43701862939651, 42.81522903768642, 81.83152375952662, 4.3368488000923815
502, 19.519563808389172, 18.004322200047827, 87.86652801023702, 16.53393105956098, -84.0307210646414, 16.721899182117024, 45.65045525145089, 23.136726212155622
503, 82.8846049307634, 18.679720343264027, 39.29469613360339, 32.08160482639841, -59.06714409192324, 43.08478015733811, 49.00803877508048, 82.6111554187508
504, 162.16285600294373, 21.898457786629077, 15.734848021304144, 21.443559710066737, 40.509233949269884, 1.3764312385760102, 100.84626161993512, 61.506032663014715
505, 27.77081122664275, 17.9428323136869, 46.70812601801755, 71.18270364561857, -89.78056508209332, 75.43020860191858, 75.05967036433621, 70.11923078770981
506, 32.7489383381777, 29.49855058762012, 76.01416649906136, 55.377693258391034, -12.134935436475075, 41.407316453175326, 9.305845461715771, 4.533060575288966
507, 165.52283363706547, 29.40565435591472, 44.86284024747292, 11.083676429028792, 9.0330717551753, 10.725485196377594, 88.12320193285981, 4.692453028941344
508, 81.20089466967234, 14.717917399080578, 86.30944495723206, 92.15740132035535, 4.937034481815985, 34.25225240226484, 63.537571805023916, 43.792742257098254
509, 102.29607888013457, 29.257839335353427, 33.459505424288174, 87.22540591119497, 22.683248510386747, 74.93463958450207, 72.13726191935515, 53.33113600388912
510, 128.4886301918209, 14.920975813239705, 45.20377401072309, 5.310973114310929, 31.287159177311125, 51.861084419552085, 19.35323394935362, 70.31466448370928
511, 146.13272519590913, 13.553029710659812, 61.53359385983271, 12.742195289367675, -71.10961425526257, 52.500595656947986, 40.41906728428341, 82.13770921134724
512, 38.016827339832304, 28.32594610490416, 15.004313086161643, 72.53110047596482, -89.56142109677546, 52.9417062143432, 81.12360394906652, 66.43941996563602
513, 139.97042110153274, 14.183551007423532, 56.99690879781657, 99.77630376269161, 33.593111520112465, 27.85499502223743, 65.56390728952142, 64.58451145889671
514, 155.6582268744788, 14.81085864807008, 17.72561140847242, 62.71143396964233, -71.58582224217055, 27.016952492352402, 44.34231260568861, 58.916222406640166
515, 56.2447452419468, 17.77970342699906, 70.37578817230961, 16.498819664343323, 47.12538828972066, 85.63804643826631, 81.15578815658648, 29.15932053070284
516, 68.74114350824388, 27.1027782091117, 16.040614511991187, 12.739737392342205, 9.49202737224873, 38.536223123038724, 40.610845729158186, 71.73474953267706
517, 141.79660476796238, 15.973928403627195, 58.049633303119485, 39.702955951981124, 18.13001591558873, 2.1101899723761344, 61.8338687189287, 30.437426361426724
518, 30.565850218460156, 19.366154937166712, 16.692620445844362, 55.57217365971579, -81.63581195033616, 78.78730273690627, 61.000728915206444, 57.82418120707048
519, 19.96968331050161, 12.27937363311774, 55.99785967844951, -6.825556764761257, -67.60964599345725, 57.93287104470488, 11.122304281003814, 55.78170614950732
520, 162.56787070880023, 20.38179409460577, 32.089937808620576, 59.197616870706916, 8.002424209132784, 44.5267055182971, 17.021783617262713, 10.073568332787374
521, 88.93591477616637, 11.37368998074755, 82.54848052673061, 67.31363974003408, -35.2670530030777, 3.1915802725954654, 34.72407676808389, 12.331297009273314
522, 53.64220647099888, 21.198333212944842, 55.85691956316788, 92.71884059466473, -13.015521013051469, 76.31384029693191, 4.901886845583047, 28.73806014256185
523, 12.213943565801479, 24.29965798820604, 83.36235560257457, 87.358390793366, 46.92082997775182, 21.32633257435187, 29.282598956477937, 57.964284416612635
524, 48.66597862565825, 14.897386236593224, 4.1811052010441685, 86.04780873580293, -31.483270412348247, 16.033889180472972, 49.30941288790734, 88.28015377219096
525, 172.3510175429354, 27.02947386689876, 20.481108297754577, 65.07676200963617, -73.78379691704069, 46.112014384009335, 48.21968597885978, 0.21248778690136083
526, 94.46191261383998, 24.064595557259537, 20.605016448775906, -8.5146297867935, 16.74483592657212, 13.078459042818622, 18.87839414661519, 4.7394586897933095
527, 110.94611403927037, 20.03867247243199, 23.93422143057081, 81.78629345528611, -61.28499758146103, 5.7602773238492695, 22.980766185166328, 67.39167856307039
528, 35.44081928771315, 18.496570417501538, 46.06646474796793, 59.125961146478545, 35.47282836448448, 79.83907179970663, 106.12679269201395, 6.627713846406565
529, 146.8765453872892, 21.7229376834092, 11.083294649700754, 109.40210537182617, -15.632952389024283, 29.07402146504174, 39.115848285716595, 39.86239132006373
530, 44.39645045286457, 16.748778205456865, 36.146182949159105, 104.9026524804416, 13.292835552630237, 52.574015498370215, 54.00709916133405, 76.62138097092182
531, 91.87529391739196, 18.91639545808254, 80.03515312743625, 32.77018833674625, 12.404806763682274, 74.8888629681437, 0.7455343929550241, 6.268802485691624
532, 171.09411149589474, 17.74766089294696, 61.972317019127445, 71.26125639960694, -84.47466443210182, 23.1704662928311, 56.046000923487945, 63.15081137276963
533, 178.64573550687615, 24.62925056030935, 19.521983407820034, 42.7000727583534, 2.323882777936035, 17.964865387548308, 67.82087063585264, 42.111538910168136
534, 111.48437174690949, 21.887486826985096, 77.73683827465203, 96.1017859209033, -3.26901750724862, 41.47424660381357, 78.14813916243777, 43.10825630283634
535, 190.7695091583435, 11.483099379129207, 21.925983621850968, 64.95262026033839, 39.11249541758775, 65.38375096780014, 55.25958312829873, 84.41187345751484
536, 52.686435895540754, 24.885665829011153, 11.481825845451459, 103.7177860416416, -18.226033911728905, 67.3377428914937, 14.889727263996829, 12.4795754977163
537, 55.09125844568885, 26.562295762301527, 35.45699462356286, 47.82743914003066, -54.69588841410316, 88.71158982468893, 44.84176903833227, 73.64310913632025
538, 33.3853766735651, 15.122865566757662, 57.54207766556084, 76.7246469068834, -6.8729034884933355, 6.777166952913467, 94.06671734747641, 88.20161142496646
539, 19.453771514962682, 27.65133692364454, 14.484012898617655, 36.47440811327897, -13.582137783779158, 61.252826061301235, 92.7778150091631, 70.11536362391745
540, 181.12727793105262, 29.68505289957068, 47.30420528109335, 37.140637449993065, 10.969526646836144, 63.270400605738935, 11.084439887362898, 45.21743879257563
541, 166.0832393634783, 22.829287241623014, 1.4539671977413937, 25.535491870502277, 0.36336331531445865, 62.46686718838534, 19.697513388335164, 13.404401645071545
542, 52.94731746574972, 19.277666248455084, 12.235946932195635, 14.0455047778988, -3.6968592997624516, 79.16161674666617, 1.4573198309299153, 75.34448787701692
543, 146.5513342292795, 15.982769306626032, 5.487344190928724, -11.70049601402902, -73.31316753566249, 26.420787154819017, 85.81609324078414, 88.9391510091621
544, 161.13581793017352, 14.484799217811723, 88.09331599538949, -6.079433784730718, -49.676087870747374, 21.9254919372312, 18.981803974816227, 54.28039049925919
545, 154.57299406539332, 16.14297393921572, 73.24407698539602, 51.61956863595014, -10.618618985073496, 72.29253426557727, 100.86397280744194, 28.24223645197144
546, 160.45154872615873, 19.141254526755, 43.833847099863995, 51.90799156738265, -20.088329039511112, 60.01007113513685, 82.45287302413512, 22.17539083069786
547, 27.5074891911636, 18.845604612846323, 84.55882450433492, 11.686812337794414, 12.801024165948022, 82.35701889091963, 53.22091112995088, 60.84627234689193
548, 85.31748209963814, 25.392167769947505, 66.22732629510108, 8.16912619661225, -50.26605110365365, 87.73330801549527, 23.361113273209266, 79.9385695682675
549, 142.62670505373183, 21.982626655324516, 18.125928957132132, 64.50399131230382, 19.280757769907638, 79.25756444370934, 27.148607288292812, 18.78542286954769
550, 198.0145632283114, 26.133029381576037, 35.7767446565846, 38.90648416825082, -54.20307474058342, 28.29018187429873, 94.59119212557778, 57.20416735669678
551, 107.92203827242001, 15.796161123104538, 82.40073736700904, -9.943266251375809, 0.07365313786155525, 50.57756598533899, 80.22652922592408, 84.96110607629932
552, 153.74051770477516, 23.350175084208544, 37.713306446326406, 57.54970082018782, -26.661762103831393, 28.353613758436264, 33.56663468965515, 73.55726868395388
553, 82.77291913400728, 18.029308404448713, 11.746031479611439, -4.790267583152537, 14.1356364553738, 53.14316140574466, 91.96871101134249, 64.75759686424618
554, 79.67701198103227, 13.936121401391098, 49.182089992792235, 68.98402076339765, -39.53974288206967, 37.330556284346336, 23.13152672326685, 24.201316770132838
555, 99.67100568245148, 21.206832705310667, 27.334328001811254, 51.607565379731525, -0.07455168407049939, 56.94649020355185, 86.20379519445997, 77.78810915014135
556, 65.76828726602184, 17.496718730593315, 21.541209022222812, 70.21649940560093, 21.80860381070319, 44.27384352718516, 60.3955683852055, 44.9045045330226
557, 170.8084303561334, 24.011768818875204, 13.627364448073575, 2.722792807346714, 41.851857368688115, 49.66253178616938, 35.98067705935048, 27.474117822255515
558, 45.62512564194999, 23.697166230380574, 19.43178360202923, 91.89413602001298, -69.7718439815703, 35.55964457162996, 98.93145839333837, 84.01055754987692
559, 153.418965118856, 10.720822531214434, 57.96807653924295, 75.20716763087746, -41.37076269954556, 8.620658708405678, 36.068810511751344, 43.8365868424317
560, 83.28493689170539, 20.670341375797356, 15.882744783173724, 45.782849631964424, 35.97598039929492, 61.427385961193906, 85.99644542438269, 10.360839354135061
561, 131.09990252407306, 27.541047020232558, 5.9312728899205265, 1.965858229183072, -64.00653193066378, 49.23240126031377, 31.03868723894298, 59.87508090434767
562, 53.88524298669214, 29.078465601191667, 33.54883343158903, -10.410779410951687, -26.44452635265815, 3.423236603808898, 3.032438389532831, 36.211112463418345
563, 194.58764093175887, 28.06569409918487, 75.1475515189077, 42.910539865670806, -53.24957852473114, 54.088928259606426, 108.71928219611914, 62.69071320098815
564, 59.24566840787068, 10.76791780747324, 57.192408451170344, 66.34263343631721, -16.497233171027958, 17.987690203714457, 69.9032113500311, 82.58504532791551
565, 23.644467066769586, 20.493944304037285, 62.145620660581606, 23.348281674757672, -53.239005052477346, 89.50818372389062, 79.18903796929108, 40.214866477041596
566, 164.92910326936487, 11.689742066341744, 63.01190563599449, 7.318144985978167, -21.7052317093502, 69.9206057085457, 61.09749720253665, 11.178499741370373
567, 14.20433745118839, 25.279760635899745, 40.44101160534114, 94.63851175097201, 2.9158983950417934, 22.203603562871095, 20.52643930346815, 9.31525234631181
568, 111.834672364934, 10.10045288044967, 55.11245724068848, 91.69724485606613, 28.008317411530882, 23.998074287072754, 49.94038233530187, 74.73232955082611
569, 109.67362373656974, 21.27469526654342, 31.155643125661765, 103.14471178858827, 34.58560893089987, 35.225334124682306, 67.87115555265271, 64.34355759694363
570, 197.38409788742413, 21.80082511187475, 11.053017966980452, 80.86935831671775, -35.517517710436266, 4.7653813886752525, 75.5221866494638, 56.55707842612402
571, 86.30184194810916, 20.449330267820685, 76.98391820990634, 65.04190131573023, -26.946956195978256, 76.51747176871113, 1.7677039533505767, 73.52141254367375
572, 183.00896118575747, 28.829773912919702, 39.04719859030506, 83.60878011399123, -3.4011898657302457, 5.909068559309062, 42.78224572368929, 39.73914575554658
573, 52.463005838941726, 10.241670906281879, 87.62150732879759, 42.57195741846817, -15.408940041903806, 4.702012141721177, 9.472883671407907, 16.7786839906812
574, 70.18109165322467, 16.787244426618976, 60.140354969606236, 46.83459340821571, -46.01939811590494, 56.10822987165665, 12.860218720002013, 26.39531213999169
575, 14.22742836327406, 27.560677353188304, 50.97941907312838, 6.1084396201703255, -7.637801781192935, 21.5813521302254, 19.381667859254073, 1.4604252855834023
576, 57.884387193394716, 21.739514688490228, 18.127313696531058, 89.44167519260114, 21.80044535474035, 54.953166749324225, 37.35536519894318, 14.250457155694539
577, 128.21934829691827, 24.826908270805447, 88.29405162658024, 51.89923653585607, -17.213622452955192, 53.63657499597706, 60.65395175210834, 78.66336739612433
578, 101.39053514825115, 19.443025878078693, 25.39078322496849, -5.003246223139885, 46.04164141134436, 42.76094197011417, 60.542570996267386, 67.24121465434645
579, 142.91378587648924, 12.539247919933082, 57.571296463306616, 44.92142650606079, -39.936199157671126, 43.59223311662874, 72.42745523356612, 57.25884203835035
580, 172.323765209967, 21.42346164326746, 52.20952028834811, 89.90973541727254, -75.61068105188052, 89.74260484600022, 65.23909597094784, 19.412269655925204
581, 198.496654419429, 25.500277223292812, 83.76275750732084, 75.96209291160758, -47.97320843360325, 59.47218261831171, 64.95527306911941, 0.0022750098799417806
582, 46.61094396406671, 28.424383687278475, 44.972589302871455, 15.461889592223999, 6.746851227880654, 1.7372431124064547, 52.31748883064163, 75.31596544651413
583, 117.4100571949365, 20.481526586471315, 46.7989121291328, 62.19113818665467, -74.61754938235649, 40.492156848706294, 11.202734331017774, 45.1753013680338
584, 66.4478256987357, 25.495070906000137, 68.92310775197952, 88.10652474203192, -40.623061353337725, 7.480955104958615, 27.15576577459499, 79.7496246286872
585, 158.60261247542087, 13.773569367795133, 69.48723340705607, 102.13931077899835, -11.19843140568986, 79.53247985499108, 89.71657134872052, 51.653784322950855
586, 94.4825783283383, 13.02343282354988, 3.72722884046881, 89.86446009406275, -73.9972732484322, 64.08491797005105, 27.45087044965161, 84.43405179295945
587, 19.283400728889, 20.945329118642373, 77.39008296371789, 98.03700666507775, -36.83817676855568, 24.9693266300572, 106.24988982446703, 51.87123204614526
588, 172.44205682045978, 10.661327425676388, 34.85696800616004, 41.579916325900996, 31.74758388312694, 88.0447342933853, 5.097511402935596, 48.078048532292286
589, 122.07498545184141, 16.29678659361244, 87.09475762037182, 80.9414726892112, 38.69679012411231, 37.77092533179675, 81.03306627209234, 29.451817146325958
590, 98.961421947933, 10.948311668854426, 79.14192326372327, 73.47265062612028, 23.377209839229213, 74.52792275284807, 98.69393324683006, 73.18908956574825
591, 55.57696077455015, 26.13367164684517, 34.96218533583836, 52.383654497522116, -25.79190597442695, 33.75090435835328, 4.576146734038503, 83.32056747963482
592, 67.48641114856477, 20.486393531200353, 19.583238662490437, 69.4214135182296, 49.02791752850899, 66.50360756539494, 65.01850494217312, 29.878963114774415
593, 73.40624157213972, 18.64170494201675, 40.5470448110433, 55.6908461322935, -63.55688136705063, 3.0330135361127564, 0.3217877403183411, 23.287916548575716
594, 189.74108213058256, 13.577440408026224, 49.81294352263047, 83.05721514174077, -69.77632839468947, 1.1463021675711182, 11.476796765835573, 89.26061976135645
595, 84.27438379940116, 11.693388097840431, 60.80675716197502, 96.02977724613119, -22.33541335291696, 60.08868773566814, 48.481932938790955, 6.2161836768025225
596, 68.797708099831, 28.59538185445883, 31.40819857413281, 104.07226346598232, -63.45197240595343, 54.06088630268193, 10.845264782346419, 31.873872192432362
597, 127.98536852433406, 22.20861784821747, 12.400195608103616, 53.367853848184424, -73.19894608201477, 13.664322092406284, 85.37735575125633, 53.408244182922516
598, 29.720151897383545, 15.004337956599013, 67.00619384640243, 93.98626016657892, 11.142644829290148, 43.037554504255404, 91.11567698211911, 44.165562043970354
599, 191.4356805690565, 18.505864227822954, 15.456189850690745, 8.456853523553471, -19.35420025536972, 83.66355826610308, 28.594250408747957, 7.074436377144959
600, 90.78710961863091, 19.52620129561743, 81.00335584637916, 54.42328533455285, -67.01876348647734, 21.123925270754935, 102.80317442723396, 83.06253787457086
601, 15.550819836119711, 23.46156979250197, 38.263119769692, 75.25790677339434, -20.449175730756735, 88.86469812698985, 45.81092668148336, 58.613407634903865
602, 146.77642956572387, 26.154868636117882, 16.832373562910085, 90.97565322037133, -19.510539339309897, 13.459032766738375, 81.00774053408395, 84.80338227110023
603, 32.446897117243964, 17.040894956183756, 57.61455798393183, 95.2219719315684, 6.399738755130301, 7.46642201055653, 56.60521486807747, 74.7979745437789
604, 160.3501967494278, 12.968013897711838, 19.870251078452746, 72.99220213282904, -81.33328981042362, 57.38184469732869, 51.862300159281695, 28.439970071193386
605, 42.74228011622421, 17.224663427892125, 16.139490673965504, 36.4831357957422, 48.970697481334525, 15.482996042308438, 78.19651133146874, 68.49186386677444
606, 161.28807640089636, 20.468581009354253, 69.04956610623299, 107.07549453066063, -39.44976837848588, 48.99599379354148, 31.94917501999947, 68.29715895123691
607, 172.82529634008105, 28.528165212053757, 48.659742186638624, 2.3989240436103114, 34.76369920098699, 32.605345144351205, 79.11562028776844, 67.83899127458419
608, 52.82185012685819, 12.67918410471177, 67.75372080346334, 12.743904960208088, -15.800383460389881, 3.9803303552752602, 1.0643610594740924, 1.8762865515709615
609, 188.7460767973121, 29.305643548907568, 87.50704968820196, 105.31230587236303, -8.305308802393512, 42.10590299549435, 65.98220655202171, 33.23376649820626
610, 15.605552663140053, 21.842639540387143, 78.68006473114283, 90.88779921617228, -7.561357620790403, 85.36626725506596, 102.04651778576122, 70.09623901230046
611, 73.40203175140292, 10.84120001978019, 75.29826790359573, 91.62810075133562, 11.997218287611119, 73.3851574105739, 16.2261965772519, 54.268427620724715
612, 136.8994972618741, 12.014774166130234, 31.97356894984046, 100.88468929393667, -76.94909384271693, 49.400160919663236, 41.94511017232359, 71.47627156474958
613, 128.58798816799654, 18.041108192456406, 89.07281499591922, 95.80793848583433, -67.63765905410096, 68.44958587286492, 5.658603603811044, 42.776023628472565
614, 163.66238374985122, 25.9931094804224, 81.88484562234758, 95.9910861178392, -39.68013710971076, 33.31743973119354, 40.2668019571294, 56.56875784464631
615, 182.3339045730642, 26.638623404243948, 83.10168889027895, 97.85960774122144, -50.749050580048106, 21.640590983919434, 34.018246556628455, 62.72068041081842
616, 141.9334624011449, 24.543524328399723, 35.10542781743999, 83.39689739962508, 41.54137285394765, 49.554847887040715, 2.8841438435701994, 27.600093566879277
617, 109.38380504980698, 19.76650629528651, 62.80711104715623, 100.3633305748713, -48.58324456481306, 7.974050412248996, 1.8245505495420165, 44.59643369144028
618, 37.037747138040416, 19.827872372867496, 62.98072324189417, 11.97374239469395, -29.737712057348105, 75.42278452501871, 94.94230412820866, 51.6978159928984
619, 182.17661201024353, 18.47958930207066, 42.43509793993863, 58.29064271633739, -62.514927117307, 89.2811055510335, 37.805387304575525, 30.263637206210227
620, 79.48637014193847, 29.33838753695036, 76.78926905918749, 58.65930931332931, -5.740492446787627, 61.63616035453816, 34.51408704730801, 55.57069500569725
621, 48.03873252430975, 13.58470380940046, 38.20148258653546, -11.390458635713426, -7.0857166235084454, 37.43249674348043, 98.61223656963254, 30.242250248250667
622, 89.3424595985339, 14.749589377874926, 62.17462963784309, 9.68883748876078, -26.828122291507047, 39.29598902358982, 1.6824830696464865, 59.04552777460149
623, 58.28375498733779, 13.057266698245675, 54.620765140499465, 26.253135909880456, 23.550594875508736, 43.249804025401666, 38.9617583627413, 84.70560046747
624, 194.69574453940072, 16.27810677826975, 15.716833756424844, 31.91743234634091, 24.683412591207457, 21.5030775561578, 42.58340109187067, 14.731620769689526
625, 54.098975340890334, 13.483542424517799, 89.03580602628982, 62.59980423311703, -0.4917534275825232, 77.68481395130239, 37.708605524747405, 0.604998740435464
626, 76.64257078692627, 16.346636876423602, 39.60216676649691, 6.8539372739019155, 42.23236653571101, 61.135382491181616, 8.286128135055622, 18.85687182726558
627, 50.95153133172959, 14.817429325704195, 55.99600475873392, 55.141491122902494, 38.58704747252577, 75.97189237584651, 54.95318978330216, 67.4968977271448
628, 46.88344729541947, 29.421878152149013, 35.93305865463352, 72.32044772203676, -80.90957212948774, 31.385389269176976, 56.073224136926214, 51.43902618489674
629, 129.26890916018527, 28.091914526522388, 15.819217050823658, 0.05170103609287757, 10.173279405413055, 68.12012160271874, 74.53740273880821, 34.52158567308749
630, 189.36399849115267, 11.187610468451986, 43.99872349551108, -8.388783119439568, -54.37752285797875, 17.777498042423577, 52.432146331025564, 74.75629825177374
631, 53.118076821928895, 21.014671998218397, 72.33736264944669, 75.40778717348634, -53.82352980264133, 35.14174899537611, 59.671890458421444, 89.14297517673423
632, 82.2338407281802, 16.02370205817512, 22.91527326952234, 96.03195303475349, 3.27637331907836, 53.499908531287524, 54.62694520751087, 54.86267524270157
633, 34.928523611571926, 21.885052916380147, 0.4992648252748111, 37.094243155747435, -33.7903638953086, 62.08796341370687, 15.151909734101597, 0.38651215661919536
634, 174.58887768574797, 29.14897745718674, 52.00811430989318, 0.19913578396350218, -31.39522793306495, 49.53176289838856, 38.36295153264634, 38.997779791347114
635, 17.41644800126052, 28.785610938145375, 18.345600127741307, -3.3806300193499244, -59.19915375125553, 44.189760242701944, 90.17047952158023, 32.0005403177088
636, 38.98232707195541, 14.609670665209185, 69.38648465434963, -4.777123014211808, -69.71943571853544, 37.17966989046102, 54.361896305658, 41.67684588157137
637, 22.364810947558027, 18.896323378091473, 62.3826196353597, 85.0840617553985, -13.621408807697904, 7.294347385818044, 60.30843479707647, 68.22235653551778
638, 36.87254718947863, 21.917787364947024, 9.038158427863975, 14.744233086392725, -14.652554796737846, 16.417700118714325, 6.809358862159521, 65.88031864070463
639, 39.44174922277291, 15.959750764720443, 66.73510022242334, 75.38546989943715, -27.39596307868347, 86.75713406969936, 104.15957214059053, 43.164264090694836
640, 123.09413155627524, 29.753673206490518, 21.029890944018387, 106.6413484513077, -19.958228747300737, 3.918048803820203, 14.80523176123028, 36.170657932256944
641, 106.20748764021123, 22.47616660130353, 28.903364668676137, 92.24865715739577, -39.2532737348928, 11.31780530563031, 92.847691217753, 85.6103564179232
642, 76.13016106205635, 11.80062135611996, 73.82449725312559, 41.867434665797255, -41.85310663403853, 79.50684052758011, 86.663428344115, 8.60801992478519
643, 115.95049094265089, 22.632346761873666, 29.73342014476529, 105.36071878274736, 10.794464876143849, 45.96930094928149, 52.29824618592202, 84.20527409127146
644, 17.331245406869037, 23.037975814105682, 81.92430869621425, 99.52795893952013, -73.3996479235098, 72.04719383064044, 21.165955220122807, 7.754122465714407
645, 34.44817523850368, 28.216049574006547, 54.87247757961521, 28.356364785656794, -60.69278108751648, 5.470433270922004, 80.14285562914367, 80.57433517625992
646, 170.4025935415399, 27.853134410419457, 34.58968827027265, -8.133838336234565, -18.162505602173173, 51.605494158426346, 6.15890720744151, 64.32751047471514
647, 39.990386599721944, 28.699252329741334, 16.06703418986703, 106.93516892180399, -25.498611302125056, 10.20523440224686, 4.182921750917607, 63.5093816721363
648, 44.49043925812025, 22.320026192764203, 61.07239288620121, 55.993034844446434, -45.60836248484223, 59.703795983008646, 47.17953187361243, 74.22326444441626
649, 165.3725978230752, 17.882157982275977, 40.99710822548228, 62.514164617745635, 48.68667751332728, 70.15038806787383, 49.32444154895174, 74.66979689838035
650, 21.2985137575161, 12.12285105222826, 86.39086121046364, 37.58379087050664, 35.120969932284524, 47.44799349833571, 37.20495220974465, 37.89558448607551
651, 36.193246895694365, 24.51626860809301, 36.92720863342751, 94.46455547394638, -10.235264260402516, 86.89412545042272, 108.77721289170726, 45.170839560166264
652, 110.8653014742595, 23.001844871553242, 7.193466990253827, 16.505604812866146, 43.576255331356236, 67.82096619774688, 38.912649505612436, 68.40723949392657
653, 48.23973377572799, 25.804959665664768, 41.05661157544989, 94.84418147197341, -14.461248907953788, 56.27364046827133, 42.04168883869944, 86.45737013512759
654, 143.04653510294335, 19.068088643765563, 36.58873885481265, -2.0370913333102347, 12.555378666269789, 67.35980981838595, 3.2775504319100217, 21.6799938418295
655, 24.567902920214152, 10.632247960310373, 62.46074971204562, 1.6744033195892332, -39.78530668528954, 88.41816533309428, 23.781444466138677, 70.1805141911468
656, 76.73148604420895, 20.82924131016381, 79.69182395971838, 60.57082774623463, -45.046159171306776, 1.8838486210783145, 48.0888297615068, 62.19917897314169
657, 93.0744032552907, 14.114678579059808, 82.91834882370821, 81.12494458159969, 13.710985757806085, 50.4673410222901, 93.45557324840681, 53.71273006381927
658, 88.31036101787575, 26.803296789772173, 79.27268074918423, 85.6253082281173, -17.860830772138925, 53.66200529426936, 31.75323170526148, 21.36622326759154
659, 157.42514033744325, 15.561363827918926, 17.67644270868929, 63.52924195972988, -63.392726689251916, 76.8380726971398, 10.95480526838584, 42.38176415763049
660, 11.948915109087771, 15.83686440369138, 8.84568039194068, 54.94754381695904, -45.13154034164726, 45.379847529960465, 20.315386143373036, 20.609925557059196
661, 194.08496384775285, 20.200063733945626, 56.53776932020809, 37.36903829123345, -48.70270881095184, 55.837631395765875, 31.009125366578996, 44.2907277034809
662, 125.70576820034093, 10.13920409689107, 14.679017852382723, 26.37196553621238, 33.04352763855401, 65.62630251418874, 49.88530435637574, 62.16444553345924
663, 172.86896669286125, 20.299875719991228, 3.574639438000432, 107.8848949716973, 20.773211469250498, 23.069744935874155, 48.1556562571709, 61.19377858094618
664, 25.686886743841903, 22.907143192402476, 3.5747926536924353, 96.77590919400421, 35.556406495517095, 24.093284675827654, 96.47856610768483, 61.308569832288626
665, 33.87205809118684, 15.45214627705626, 36.84012841027863, 92.14864383500574, 23.69551653357558, 86.94367841219007, 12.883256650142945, 16.896158214818513
666, 99.39722110113496, 26.6483009080803, 15.51471417683059, 17.333419908432226, 18.24814962403545, 84.65792159324855, 60.97061987214579, 13.523516003146046
667, 160.44197810649953, 28.45722033508784, 33.44201114837421, 17.250832520645822, -52.33418164181941, 48.95470143779316, 4.813883166711133, 18.877520508943952
668, 83.71556813621177, 28.871689665911944, 51.81418381419969, 38.44119371440853, -56.96148192126765, 48.154441151339476, 35.417011346986655, 41.78166868316055
669, 112.07904811950247, 21.95755448976413, 59.78882514938982, 6.671983026819515, -37.780593691770605, 84.17361705794882, 18.23031142132575, 70.58199946700461
670, 75.92681121801876, 13.369659070241326, 12.57542351028049, 93.33354787323712, 11.237716771198748, 16.88992367898163, 99.95576404364932, 71.40557363477575
671, 89.55002849719975, 12.124617380977813, 64.16872772190489, 48.29962379054191, 24.01069592596794, 85.21308777699595, 74.44119158205143, 79.94518131233342
672, 103.8200832443774, 11.687391984890533, 51.173834649250175, 46.89618741338995, -75.5598557367898, 31.589344877567914, 15.111739548023698, 55.0292186671818
673, 182.75234722084545, 14.021497387205633, 32.55382198279739, -9.689345812077306, 0.7641049752638908, 2.4087437227578867, 22.076365951879676, 59.36285357067434
674, 76.03603979182994, 27.57091581685222, 63.382730871050285, 36.06125054713737, 41.879171701817114, 80.24222543399756, 87.2306691621057, 1.818027197455897
675, 169.7546911276076, 19.948789684736326, 61.339610591640394, -6.8511928834809925, 5.900675830986387, 21.35098347188154, 94.7903722210113, 48.778315748840775
676, 81.97743976794199, 29.142521985110243, 86.20046280348365, 43.0593470850188, -66.02693354891862, 18.71998099227664, 89.24334616116846, 16.219391658581106
677, 95.6796822630279, 27.74756054817591, 88.6810186799179, 38.12162857132606, 1.8474381467122782, 66.17916431569202, 81.55253290265084, 68.93161982901525
678, 24.299721955423948, 14.482339706389144, 9.846956077656579, 34.252674609422435, -73.11511805844232, 0.04324930088235978, 22.815851549327025, 34.849785386178496
679, 78.1125489265824, 17.60846981869914, 70.30811654534415, -4.715732538963538, 29.753180933311018, 30.08798725207524, 52.6392425474223, 10.306408156331134
680, 32.072111726525364, 26.325226080017806, 36.952468513371024, 87.87376438964904, -53.110352657153754, 76.47174213717548, 60.03922113671464, 60.02785322453115
681, 114.44192522573675, 27.54175468489102, 68.06655026083783, 100.14215447809283, -62.34619180618454, 13.744071774494898, 76.66164068833169, 78.61900791875232
682, 181.8769026554511, 26.535492969868187, 36.091318254976386, 10.517017440932447, -11.5827206557545, 72.30461371009888, 9.445284385973338, 0.012611184387998353
683, 129.97938655830117, 19.23506665576382, 51.90541357005947, 42.31964600201785, -87.34115964669667, 61.48896481806083, 53.74705945739308, 71.4816945084444
684, 29.393836879116527, 19.94493591933672, 88.68900974701404, 5.948603258578615, -51.87847587883264, 83.21881401061505, 78.97000502742634, 69.66617895335516
685, 76.10350177834512, 29.981946397476865, 65.62404831031401, 24.76548747188985, 28.727203176531333, 12.685206451110506, 83.37156238515274, 15.46857627911522
686, 89.109452041225, 29.16138372803282, 8.723455600319483, 46.60158421511393, -34.98581025451984, 36.3297096809759, 80.67782010413512, 68.61945984044425
687, 99.48442335286371, 24.124957016829484, 38.447925550154736, 17.560109906968457, 43.51625537955661, 27.254683263370033, 3.665564029190498, 47.43043754615714
688, 17.429594715224425, 16.321530440304034, 86.29106619496577, 54.82465504728086, -61.32238627068193, 20.968251210040005, 61.95672328798608, 47.504451268227925
689, 182.69789083456223, 29.361943235211907, 81.24185542109322, 54.28361924863708, -31.947829434980008, 35.84565360362845, 25.192027527044225, 16.927622148090006
690, 139.9318501976676, 18.312941473372256, 65.84669031284812, 66.68585548238845, 10.135880724909839, 69.8969602699733, 95.3051290534688, 43.03455488577186
691, 177.4392805225592, 10.562643790471713, 63.88016895092881, -6.68536780128765, -78.0924731364301, 66.72409494038239, 81.69207116580371, 48.131876624641336
692, 103.61293906086718, 11.267159479902023, 73.87452042603901, 60.64656060067019, -87.87608117287891, 32.72665212343125, 74.26790481897861, 46.46485883894949
693, 17.82197908979139, 29.30035829871205, 12.918635244771929, 8.668639738495516, 32.429137412871015, 67.71887478034009, 71.516592419905, 48.35747399810409
694, 178.31921460688807, 23.628647804543817, 80.90380659307262, 4.780831342484557, -0.7023806352904529, 66.14635584526344, 103.47137470007618, 45.01934227634188
695, 37.44723552660564, 13.506258442846601, 18.453610579568796, 48.11758873849336, -42.93476831034282, 24.49894122829739, 16.519191131165584, 1.1866706775249924
696, 44.10886218657862, 19.524221471656176, 33.77449981047008, 11.396763278472712, -66.38575544597313, 51.512102146449315, 77.10896350727847, 46.89410488041859
697, 118.24532386594282, 18.488746981951067, 5.660724301279323, 79.4287631177669, 17.659340995993546, 3.3986376557419273, 106.96464745201845, 43.499231719630224
698, 65.21444603368457, 27.914545249681623, 51.51640338683437, 63.195163980556316, -68.0674212493636, 30.11790725515279, 77.75441465026861, 25.153260658606275
699, 43.09673368128478, 27.3347576154158, 58.95552896156089, 69.90358480546261, -86.18696595718745, 19.11352469183717, 81.86515660047928, 46.20852415152169
700, 127.33429799219088, 18.082274022802842, 71.91854646574714, -9.740553961872175, -4.915833498117948, 33.71396334627342, 107.62015334012146, 56.18675723056325
701, 63.18211944299555, 18.995254254417453, 48.7501307052688, 30.232356792086133, -7.34660569543226, 65.35913173187936, 102.74886627618508, 69.15483647515778
702, 80.78532728869794, 24.793403581474486, 27.10411706053457, 2.9072633395754295, 8.941582731365742, 34.13266887108133, 108.73227121510209, 2.258802786935732
703, 170.2111177202186, 24.75898725182804, 81.75391310022962, 34.008977091679995, -59.42560958064448, 37.849949561212895, 79.50517293079281, 83.05024579324497
704, 21.49138257507087, 13.33777597692157, 9.24114280727838, 22.571051457788542, -35.55753562093379, 0.7925556352293894, 58.419636094094805, 81.19515116735212
705, 24.41767354342634, 14.753539208184712, 68.10244272660577, 1.2678341246462657, 25.14594325541843, 85.94849281950707, 69.98449997803401, 12.296109719565761
706, 179.5873601101156, 28.277323539977232, 24.719953550294537, 75.02497393253189, 7.945157353224872, 35.015446304896706, 107.97438510373246, 12.020321342801646
707, 120.44415074494695, 18.37444100245662, 9.388545044197087, 74.2235893625387, -59.56374161887335, 20.294878680832532, 8.198514587446468, 67.03467967633058
708, 49.90038151964514, 27.998557073947318, 9.281188282531566, -6.756895200667585, -46.28937828228667, 25.1441705361487, 78.52714181908216, 2.519064151239096
709, 88.43943486081062, 22.25553082979251, 72.68101611324381, 2.198689498202011, -41.03020721833021, 53.99418634813404, 62.40448887439962, 45.130825268910215
710, 40.8198055763276, 10.11870979589942, 41.6220930229868, 28.22444939197299, 48.819460459025265, 25.250395965055084, 70.01686246312963, 73.81796344130849
711, 20.354888235656382, 15.283212314476852, 65.2785371192435, 53.64778891033676, 3.4841349344882815, 36.894954856541396, 52.994365974071016, 50.77317572010513
712, 162.0459407166177, 11.907843895988368, 72.87118826414888, 59.60906366112118, 47.76226784183811, 27.452423418039068, 87.32889455669928, 54.55228960418271
713, 108.66173682613554, 22.562052486112364, 39.152548274647884, 91.45221647280746, -74.85713148441177, 16.533756983375152, 10.32012237834979, 74.27224212061736
714, 92.66805610296042, 22.297701257379508, 36.73683849026464, 103.03716182482152, -20.838465621428696, 36.340234911922174, 29.22473736237007, 65.45498134748614
715, 82.87791365573973, 13.929677472768615, 76.44071997705409, 12.331856940065638, -56.98573779760558, 41.74001035020957, 83.05860335745515, 60.75243312591498
716, 35.523333374103636, 26.825056206862456, 8.344284658216615, 68.43148937440546, -56.03703948436032, 12.909939390602883, 3.6913590504583786, 1.1067228380124572
717, 124.12353086523669, 18.225900667353436, 88.47896705804966, -7.015883962491379, -65.82701338051106, 4.950604954087239, 25.081874449255768, 66.00093198032212
718, 55.13804832897318, 23.84993891335483, 64.12204235077343, 17.328053524119767, 21.62597207254325, 43.216289406868185, 32.78266148770106, 37.66564002418278
719, 187.19618319313443, 11.984341457753544, 39.401595456435054, 43.55185580558513, 9.46607180320477, 32.52163362841703, 50.94743205297956, 12.700943602588172
720, 42.63221264070686, 20.830373398676645, 64.57621671765077, 1.9829920029526085, 11.482166827721983, 33.88667486291859, 69.99534048872134, 79.42963023087843
721, 45.07366134956551, 10.571096612554658, 48.732476807754836, 70.0948796713753, -42.665707244738, 47.254243902015375, 109.37389089235143, 14.101903163973672
722, 127.9853049176062, 24.78017134351733, 87.43628269148549, 65.8748244596845, 33.661713372279394, 12.895713155030926, 57.87835870751882, 42.46530986743024
723, 43.149818236388754, 29.178612267264047, 40.83302663362454, 109.92077028794796, -79.20481512683975, 35.12922856302908, 52.303921231309864, 7.092026951932974
724, 55.507167876741086, 24.60494600213849, 70.91089710856411, 0.05510149108008022, -8.416859731641111, 65.86009940848011, 75.27723235389112, 77.69571673054752
725, 147.30254323159892, 16.878249106341393, 6.434738350451733, -7.631351854497364, 15.02391890531935, 81.02363010450593, 95.27068722232714, 85.10025272309004
726, 90.59606815789586, 14.705684391353124, 67.64349479738786, 12.00655667838301, 33.708240132267804, 83.85978914077076, 37.09891983518644, 51.6994305752619
727, 82.76335501351518, 17.72326099747525, 54.894977677515584, 98.01421882322734, -50.145283044486774, 18.58730266683585, 46.77052349276723, 24.43095143598431
728, 31.835200049426128, 12.861843353570784, 61.12477859693592, 24.652513582186845, 17.017232951724353, 1.9615523686637157, 55.91412989014887, 19.29827438870889
729, 152.3217501224057, 15.805532348292115, 76.20842857507384, 65.78618000754096, 45.31566460849163, 60.2972927539972, 89.67530693382915, 31.898434555749372
730, 140.97830243910602, 14.707727516668193, 62.961362881675406, 46.700371454454334, -70.80004899100696, 72.95105939420353, 101.76860404533977, 79.40232805869448
731, 22.0264818458375, 10.99729246909958, 25.446625295112984, 105.17552234146568, -1.0816496715980435, 49.069687758442555, 80.1924386274061, 32.912322212702726
732, 36.00804491006479, 26.98511454377013, 19.905506906171205, 109.81830332472781, -54.178317418362475, 6.996930626717637, 19.23739350258134, 47.304523958469275
733, 114.35003220763105, 17.11455413160059, 28.630902913720746, -5.049105397619764, -80.55102680410216, 61.571206154941734, 69.7432107795543, 69.39532057084547
734, 126.39748720886118, 15.249617652375502, 72.8116947782499, 5.729322237364193, -44.55493667012578, 81.3718333433257, 48.964182591699696, 16.2007577540124
735, 178.65909108961208, 12.102933901781705, 39.42702916662833, 41.38564910959429, -46.231186869930795, 39.81886679788807, 40.30704386921037, 16.551427677842145
736, 151.81632157511348, 17.055768979179568, 8.833152926524807, 30.79707081601307, -24.413952336568983, 23.58702747481559, 89.61437481089375, 3.428470379076055
737, 180.6060911813449, 15.049357572402966, 50.44631157093808, 36.33246378971523, 14.127961568205407, 8.956509155295574, 93.94430485390828, 88.17426726699553
738, 116.47057789241487, 19.601760975609977, 43.32094928820266, 99.33492499127944, 1.6140352334528105, 6.441987612258914, 78.66005293883359, 53.0203925171018
739, 182.90926803234663, 13.76368210839711, 25.73289605501231, 55.23512216712214, -21.569535961326086, 50.504255080501686, 11.5561175176361, 31.47899731908694
740, 36.377449175382, 21.492939686237474, 74.64338449410329, 43.907869967332694, -35.61151818989586, 7.439917907988791, 28.52151967542976, 43.837647426434216
741, 82.34465194114827, 13.642859999104955, 37.69480463740834, 18.10826817970098, -33.970061544323926, 73.97050101477707, 46.36159470868699, 73.0619580276004
742, 100.05549929246817, 15.114167491682641, 79.07787012277592, 102.55113851583525, 14.991726766082179, 83.47460560748746, 10.842117460641312, 49.5534107234897
743, 66.15304069153655, 26.23853763055596, 3.915652084447698, 75.66650127195706, -32.79255651086418, 25.64889342112715, 22.27061223565637, 19.872746135853127
744, 175.4661895454799, 28.488532997417106, 58.49599604390832, 53.96958537110549, -44.91512466073511, 60.31542944475667, 98.36788594879043, 20.069793900630817
745, 164.5592760490464, 18.040800859057427, 54.64870257221536, 107.5415121045493, -40.2746836968061, 76.50918753063651, 106.00166465797648, 42.32213012518101
746, 177.2866402599897, 13.981978716932058, 13.00286105839585, 28.70408061530562, -10.486992379804448, 44.93886642849147, 79.06202339929632, 66.84606718753413
747, 157.5209970157043, 19.832983063573586, 75.36670311097332, 27.156792295611172, -11.394852340792838, 23.655563694217825, 40.3160986520907, 26.186138809856587
748, 39.45513872723576, 17.861154999587505, 71.18850997366039, 42.42605068311002, 40.62642223523005, 38.13087355257822, 39.92015581941375, 27.09257162933817
749, 193.04221113933207, 22.0812376645445, 79.3845974360377, -2.1404903143642944, 15.613237723816255, 58.084024779251635, 51.95091795855967, 11.646265292719239
750, 175.71185072366526, 16.435959327207655, 29.56822860124003, -7.0921902158658074, -65.59263375782388, 67.29143418309823, 20.69194990543862, 8.580082543244574
751, 61.32655896946293, 17.53158347153784, 34.876302103405656, 24.315933731177758, -57.474003872813235, 26.766748462567087, 8.333098469873491, 71.1349513204648
752, 28.269713932048205, 22.22990454984331, 37.55118290997129, 88.03426250257633, 26.10217305109279, 14.108296483231223, 37.06233899439951, 12.545227196460067
753, 30.316143299089006, 17.287775492127565, 2.2939436815458905, 41.741004133305836, -14.74598540518376, 27.91763966800564, 41.110848126000285, 15.737966132946783
754, 27.079265672882087, 26.84276409973887, 19.332962882469047, 7.422175303161451, -46.57016310680482, 62.87921568795915, 15.066949905429633, 42.95747762625994
755, 107.39928059146082, 25.301237828476236, 89.17247846528879, 31.422301230670914, -16.603404173749677, 30.082486452848862, 90.05669020347084, 14.115201217078264
756, 162.56219493250376, 23.048089517720207, 27.84672538544191, 44.75918562166417, -42.333315250906985, 46.90719905650807, 84.4820701765638, 28.89337916094237
757, 165.51611183614764, 20.40940457484573, 3.7474915236350004, 102.67726976781539, -86.54946850316502, 48.10208388545364, 11.819791487607844, 43.56853501880524
758, 68.49362732667936, 16.32328017666984, 85.19700776410767, 61.00230287533945, 28.60088623393949, 22.300578922893443, 58.19291253882124, 52.767825270312386
759, 120.45483131563745, 22.18929421986953, 82.5126630324373, 55.7075237665264, -38.730868288593996, 46.0486789747375, 92.92091646570032, 31.85008691909452
760, 31.44106493368455, 10.742005349002078, 31.72913435514719, -7.089132788004696, -78.29202402094167, 46.56263206746978, 57.68393313702057, 32.0272380297394
761, 64.18006865885023, 17.11544969942448, 51.56425914954633, 74.7131771969368, -49.836208818383795, 75.00744750997427, 9.313442599663222, 68.0030404764781
762, 36.69515876110375, 17.035709789885534, 60.355553116610245, 15.142440814949662, -10.861637233254086, 57.962065060748195, 83.27672646513984, 22.7130159986836
763, 110.04759028463381, 19.42394675371635, 19.199971072559222, 0.23278043553473718, -71.38022223889507, 5.142541897187856, 68.26781481686923, 44.20450225373355
764, 29.51434833130576, 20.661711037869438, 51.773752501243095, 38.18006873778507, 7.139615814571898, 45.22513703873504, 77.41315540722786, 1.0313024342408605
765, 171.54308495966168, 28.985509349610577, 81.26319555233577, -7.870807663289912, 12.356139447067946, 16.545665762458707, 7.659345311026299, 50.23105530666474
766, 103.49491111958022, 15.950756545005003, 44.11667958370268, 16.19815226015937, 1.777900284750487, 30.834778251733397, 17.013205767725093, 39.11002341957311
767, 91.42048013274724, 26.16378766302994, 87.60573688501616, 83.57799564551726, -46.469216601341074, 89.62053670147215, 90.16639904129129, 8.656776752528199
768, 61.033426264138356, 18.60664179669302, 62.7654093330868, 107.64762288291061, 23.85415082264653, 32.0309157667962, 101.83134354684186, 42.94649102257986
769, 65.89765167431827, 20.849050469430928, 10.833988342739415, 68.78294520671527, -11.732197559567012, 69.31315183115004, 30.61835694265865, 59.725200645468455
770, 31.023602910775065, 27.768447177542793, 20.59386859037502, 20.0393213309467, -25.299377523043958, 16.020229429585225, 4.480439612826945, 16.603796112368684
771, 157.35081742886356, 10.723683784706514, 1.3490615661604444, 85.67213929686079, -73.4766177601029, 26.47763585145883, 73.24204810718659, 47.62204791421167
772, 87.46548238915491, 26.496382324075775, 32.04601621165956, 99.8816194943846, 6.3137470894246945, 88.5614278909144, 73.62816933146594, 46.625330875457735
773, 77.15352782687336, 23.252684327362694, 63.664698657140555, 53.76374421271428, 43.83845564751431, 10.862706694309468, 37.80420038649725, 79.65156552770446
774, 80.87066409210657, 15.196712606962144, 68.26875540024787, 4.318969498886638, 12.987706887974412, 64.10895103418726, 13.385766655784261, 18.977208604635017
775, 70.72230342729857, 23.98795962903567, 36.15036222517988, 90.04843396508849, -55.62813000849937, 25.9048826560096, 97.54623735718503, 53.133439252030115
776, 81.66718008345251, 29.124632614287588, 5.684209662289806, 63.227401849729176, -32.15930380341894, 60.442005168618415, 75.12547675756471, 58.15390661800172
777, 190.48832354218763, 26.34531875901731, 27.86035407479151, -0.5421085228487694, -28.106457390184875, 77.90165484120232, 67.20445197310688, 17.273429310180102
778, 100.26822023134493, 10.085311728255009, 21.36638301007902, 38.38600665123589, -25.723107975170237, 66.27506783424305, 57.86197705236582, 6.389522172101577
779, 121.32407027784473, 24.267530617946157, 40.43861625392971, 14.394040249737829, 38.995407207444174, 52.09874250434187, 40.326192523565595, 16.63043444908836
780, 197.87651408926703, 18.658809174577087, 2.8311990840787136, 11.098375427931273, 28.110848625984147, 21.411840790834464, 76.04530906060369, 24.78026092620963
781, 56.22170710809208, 21.11870564787531, 30.093786064025874, 8.598131837393005, 48.04622162253105, 0.1804612005508499, 19.521338584945127, 53.300547304380814
782, 27.884623114479506, 11.185109388765134, 32.7993358963714, 72.30023655238946, -31.735004695570666, 75.569142451456, 31.671385820511624, 87.20138476034386
783, 78.2128345277323, 12.205249595893031, 56.122095628855064, 11.240029061215033, -46.91808433850069, 63.19006674085276, 30.85955064002916, 79.20640150711662
784, 59.11998222435991, 14.49773459535485, 77.95284809159689, 27.34019779580801, -23.756842169010213, 30.726358592806005, 90.39055354614858, 25.69249809660254
785, 54.98642726234667, 19.78545076412491, 37.738384837693516, 78.61171174235092, -1.594818736640647, 76.93886850092203, 106.59576765102463, 15.5605165118728
786, 15.183689205119475, 15.508658791791085, 20.965788041135056, 10.109547419564475, -31.74488519556848, 17.514146578816675, 0.8424519563291721, 6.464004629367079
787, 46.847440451362466, 22.102438638464736, 28.505158818505937, 53.54507316259847, 34.66398467886265, 86.84794034772831, 5.435053398275277, 89.30513422166227
788, 183.32454249977755, 27.262096680855066, 27.85129782118744, 72.11823347193194, -2.4990551684293223, 72.23932284930473, 83.67932404826962, 81.83068079348197
789, 39.805575146181, 13.072042981483872, 57.2398008101709, 23.10532415364588, 28.222231406379947, 22.496006746981656, 87.3237123868565, 25.48011293633261
790, 189.00183571313485, 13.641661246138867, 15.613467354686517, 67.50139337198625, -70.73669950968834, 45.23296343713479, 67.8520126709083, 47.52744488118044
791, 53.704123730319566, 20.645265528856044, 33.98823640661095, 106.6906381387744, 0.7686433848125631, 82.39011775942059, 59.548633539631126, 18.01992856389949
792, 106.73998045262141, 21.564779624374083, 54.10547912940134, 49.49929312507217, -14.427764844528781, 89.73579281827197, 46.038198239257085, 30.460662640951828
793, 197.96092302195547, 15.392734906937328, 73.2714781644921, 36.010294114306696, -81.00546300261625, 6.7983176923727, 37.92323665446994, 66.73810869356639
794, 163.2820765038557, 19.131949607187423, 48.96367838837118, 68.10966109671594, -38.84475247190504, 74.4596983893854, 76.94124868109762, 55.64621303283512
795, 38.962387409039565, 18.017310986223467, 49.707611580235394, 44.40007935307783, -21.475796090791775, 81.25576343924115, 93.88148667018052, 68.93805960317182
796, 65.7812447821878, 20.63455359310791, 52.07791219658415, 81.18034344407624, 49.22036717521516, 34.32050972899721, 49.38544858453836, 51.89467988261191
797, 135.94827001876246, 10.095484004957028, 87.83659640801717, 106.66611894722628, -33.26394980070418, 3.3164527743507835, 85.48871106982241, 59.60032863584125
798, 55.64641345569265, 16.039721399844566, 47.807366288227875, 93.89469983223653, -24.575928379578258, 63.6538127299164, 17.39007536680014, 0.36520753795520444
799, 107.7229229465869, 24.92474435841036, 65.7098467341336, 96.22551230413018, -18.841567840910386, 2.910837859903457, 19.150979669618945, 27.612281100037624
800, 150.61775993204773, 22.65621870573227, 56.66399408730658, 45.57641645937117, 9.297408100989912, 42.430427450648324, 96.30610717069129, 58.90652263512012
801, 170.55371016141424, 22.52737624380709, 51.088749369882805, 3.050650294201077, 47.83508018334595, 28.048070493294688, 103.8557535802302, 2.039473264293863
802, 29.986063631952792, 24.058934876424676, 62.52287189833539, 12.139149059803103, -53.50435041802301, 0.11729086119859343, 3.700303117222883, 30.721833089148
803, 54.83759631387933, 18.96410765520111, 82.05387453468198, 53.7697598419911, 30.779570687135887, 87.49267097191647, 21.294147384091065, 7.606480606611117
804, 163.10885035060116, 10.267212953047714, 58.87336692403868, 50.260579367276094, -82.70373731647543, 67.1486573773206, 17.2590754951627, 32.77686208578974
805, 191.53913198327052, 17.045139702671865, 32.303191750828866, -11.777029259588755, -43.28299157825196, 61.65758478209665, 22.39775766225435, 47.43684583935955
806, 88.68814769432007, 27.0887483817696, 16.45389432117166, -11.669583746352252, -34.391382519303356, 6.045763752956792, 104.42975183066338, 10.257869526629857
807, 107.52964759907657, 22.23038185552643, 53.66896443701768, 85.00289301618392, -77.11356306562047, 82.86967929669612, 33.16212198916095, 7.295763385050812
808, 188.98323919088514, 29.0730496500304, 16.934252198143863, 28.707932812858786, -32.01552777921299, 36.39107976300711, 43.270748866531896, 52.9937230034787
809, 56.46385663057463, 13.867709430805968, 32.652742635338534, 79.61327596339375, -60.32017802481496, 47.16877550424065, 100.99924384761967, 22.121981059968512
810, 89.45937841346529, 19.87284196340719, 76.71207536864272, 10.528615137476223, -9.545357057691248, 51.73553141288801, 9.360539212471199, 0.5168629206570129
811, 150.50947950807463, 19.82079946844562, 68.00427665178852, 45.84410987626125, -48.79950578292533, 4.211719047293656, 68.6899341072504, 0.5210685371987522
812, 187.36164425906418, 22.870183377309804, 64.30324014342581, 5.377688950232081, -20.184472754838506, 21.753446953701282, 75.30380480069249, 63.13933012874006
813, 167.1624887915002, 10.508938765541956, 68.6384850190279, -1.3557234043269835, -80.00252246043561, 82.34351909240459, 66.78439117408055, 65.10176258474037
814, 147.55084622822238, 24.178513650153377, 3.5715236749629464, 103.74217957400984, -44.44202339363188, 53.271633349409356, 29.880964383307823, 80.06512506357723
815, 185.73751291733936, 29.479715728217364, 40.521852976789205, 4.561598171258378, -34.36585152132659, 79.04753053327923, 47.57606180674436, 9.648148344665358
816, 133.0203205785071, 29.371717359982064, 55.89161633999084, 19.726295847440873, -76.98395647384254, 66.98176043112875, 73.51322580909218, 49.606465922124706
817, 111.5860323450925, 12.48972032122091, 32.55977269258078, 67.074084036219, -59.62633260380268, 31.132581228652036, 64.57227859677278, 64.1845256703281
818, 113.01386565708799, 29.32949039965899, 34.97013330470817, 15.651198748886834, 49.81952938783127, 8.508102980441697, 72.52225707142827, 0.48193197694555096
819, 62.69007922829927, 28.74507934642063, 25.21457022750612, 60.37722863919092, 37.030980030546544, 11.0631988518641, 90.75325777426482, 70.82227059208452
820, 71.86292657211348, 18.114511302675417, 85.7151287975982, 93.71974320445432, -42.431207749895734, 43.28181675523767, 39.631145577250265, 7.537493883462853
821, 114.00473317729347, 11.951771846088173, 54.085834567082614, 54.23045957750149, -75.0217163918486, 76.61171751881722, 57.39376174170223, 44.43829395798617
822, 20.228590796069767, 27.530072901272238, 43.34207239725978, 65.83461920917719, -77.75023239197596, 66.0483156397516, 96.07261436264785, 66.02171766062965
823, 145.90173037231023, 28.861725849787625, 69.24293320158974, 42.95658255323461, 18.81061695579666, 20.266516529634398, 2.528915417267431, 47.204567563180454
824, 32.12113110543682, 22.81787033432088, 4.28088485175363, 67.9305233384872, 43.36573449003839, 46.3120949257779, 15.661271370422721, 28.857866274091254
825, 159.1154579749672, 28.384469208895844, 64.91557536666137, 42.02189417327234, 12.188668376105866, 29.88140516954814, 73.30200967468983, 66.13339452334583
826, 154.2770378322438, 19.799717045058827, 53.228905213569966, 68.40009029556076, -58.87717922940363, 18.693094524650668, 55.38001502752602, 81.86383229939267
827, 64.75088849775592, 18.023985717491172, 59.51653911172038, 7.249439066753311, 43.7900430176789, 48.803283992354544, 24.120113234690045, 48.49965762231383
828, 57.6629813455916, 24.715873863109998, 70.00799976525897, 106.7710635010441, -21.356571914529965, 71.57090818392663, 101.19006395954781, 26.877457352032135
829, 29.537134009328053, 26.43841131880759, 4.370376527648112, 84.16289943570894, 46.15451925169671, 16.642970441723563, 60.82477594673987, 31.51993736027498
830, 137.5224662281831, 28.44050316407053, 73.0065930453856, 106.29647052460581, -87.12306304689906, 22.883989125298747, 97.50219625714318, 13.689599866732557
831, 145.06511601056448, 12.231484679319546, 83.78479368631575, -1.6472530040067763, 20.987349060774832, 31.612395341883392, 66.84475611960242, 50.01294861295547
832, 151.0053714323418, 27.721321499725743, 72.36106675777886, 5.618148070078206, -30.83432244411888, 40.43863519759986, 68.6244442174162, 80.40723785404805
833, 177.80465616328203, 10.908734341696062, 69.58334115642762, 81.36386111639378, 5.393073989495917, 51.64281831375688, 30.563407331250716, 5.550632932863579
834, 86.81624100869055, 13.608067412154954, 77.23028499149333, 7.279500697084142, -15.157775678944562, 33.32018703319108, 28.647438666601875, 87.6821008534937
835, 34.01761676622458, 26.550478183975198, 57.32437322641561, 15.45954497995085, 16.48255443101728, 67.02268049788782, 65.40271312516288, 15.873658909610635
836, 85.07174762166703, 13.795850140840002, 52.76211283532055, 85.70477607604332, -71.58707236073215, 56.850286094446886, 96.73078903649653, 69.80357313581314
837, 11.8534558224546, 28.845515187122828, 40.5532031487324, 99.50966537851993, -79.20058594275852, 15.567679173670406, 94.72391672077231, 72.09571802290722
838, 68.94951117422013, 25.277386984973365, 28.934138819438072, -10.578466271920906, 13.581542273876948, 83.926887516357, 2.6342209362553106, 30.57103959319281
839, 191.32854729254004, 23.644417808185736, 36.413455770880546, 2.9108758419650567, -50.790704842214815, 42.73942962393123, 74.02616379031285, 23.302332731480398
840, 149.6443775371624, 13.973046053351057, 3.2295025535743562, 55.84058832297778, -60.038644078901086, 39.67782202663763, 39.69792136125291, 64.15267558438674
841, 79.5979381908023, 10.590072249284008, 87.47842753523727, -9.95933924778204, -67.90287419567495, 78.99649386324113, 42.492617742837226, 71.84481857759492
842, 69.75383824301771, 17.842185055535182, 53.35394699116864, 27.720934954545815, -5.471894914985427, 59.002344646347446, 67.7926166015786, 69.7667825225964
843, 193.81738886152422, 17.279391154503593, 27.976342343992307, 99.75426766418909, -74.60060352795468, 32.66389487923585, 91.56584347760352, 47.706216276885215
844, 138.47176715566764, 12.253062920990628, 61.75800553508402, 11.87391094591376, -19.265933371416182, 85.06082198048013, 19.765497328660693, 13.8489015653493
845, 121.15280224574144, 18.926827188259935, 85.64025195632544, 67.38486651055962, 1.6621686107513653, 37.989901244868875, 78.14266673635812, 76.25299710217517
846, 76.43318003564183, 22.181482601353473, 14.523547355697525, 98.44703424742468, -59.81110988476446, 62.04614476421522, 105.73930973044348, 33.65150410510551
847, 53.59196158059271, 14.592913885150862, 0.27535084481233535, 92.88852333390231, -9.800686049291059, 24.45576860466643, 37.06009230720202, 81.6324166322462
848, 125.86968498459622, 26.623356211391012, 34.21567093583871, 45.827152478491385, 24.905524144723675, 61.60877909012974, 45.65319092347495, 65.73728748793332
849, 70.37074950420757, 20.42066194594865, 27.088024778134145, 21.759050990547625, 2.1028379527090526, 23.706386812034975, 70.99309910713632, 39.28821819220203
850, 154.8536190325144, 19.83605917332389, 48.38359140828139, 50.504160404106806, 38.446700969000176, 14.502698777689593, 51.28275101430031, 38.60892310865099
851, 181.5342448792278, 18.53817893419201, 50.31197328932298, 19.955728616890838, -58.49045352803552, 89.29602855221405, 37.43114124984583, 51.64223791466933
852, 90.68304407000554, 26.78899627043905, 67.16686120472168, 100.7575495042051, -47.396814518171595, 27.320587448653637, 66.45648547045579, 43.96704523047348
853, 23.237195984944837, 11.619011592768695, 84.5147852267751, 69.39589972846409, 24.59841065547961, 15.83386973889619, 26.571409565601517, 34.779431949121275
854, 36.646206547015574, 14.202131485794043, 44.17974331305156, 96.09724538959557, 34.807060084131635, 4.572054581701714, 103.2490574252732, 14.428607304793164
855, 95.80876644418433, 16.338652482709673, 17.780541194453395, 37.458861861200255, 7.5280268617121635, 66.67842334670335, 68.02648858074568, 52.214754932432875
856, 111.76609371768328, 28.18660165564767, 39.19123561835835, 95.54908721545421, -6.15981948387234, 40.51074385442371, 79.52285264166079, 88.23754525657324
857, 42.15707140994275, 18.414749099380323, 18.7934757793392, 52.827280759482946, -21.46889975601755, 38.70238418427708, 89.87021128387197, 86.74044993706326
858, 34.13427591292553, 27.965465326622517, 38.8135633756592, 92.64659813760416, -35.28749751139112, 73.67701720847032, 11.93893591953869, 48.77541521722065
859, 65.05099828953081, 13.123887239411854, 22.616466250067575, 85.21643583475083, 45.46766931950768, 23.8027589997842, 8.341600919402149, 8.165904478199183
860, 95.86247796932432, 26.98503183853066, 19.491434274105405, 74.02883546307038, 30.342517490347603, 61.363702452225674, 78.5712129887561, 15.806057128015299
861, 175.12059993203636, 22.869170107461027, 30.548103252009213, 2.1947254492383723, -26.29210703897441, 76.30336201081826, 86.8018806783543, 0.33531226201114483
862, 27.061080290914564, 15.571076594284616, 66.03269680449702, 59.03277256540445, -61.21494058513313, 27.508517461734137, 87.59318587670546, 59.46014872172508
863, 26.951501136978827, 12.042893501884643, 76.39094254929411, 15.12975598702308, -24.198880672321692, 0.8964113304392841, 4.39825169022917, 52.29148350784359
864, 69.29949567044596, 17.090069235468324, 31.666898299370306, 23.076737941503275, -23.612261533564606, 37.06357797836853, 78.552285446983, 64.9081917839329
865, 124.24208531104419, 13.163271116558462, 18.58238874852846, 52.428892024666624, -46.45764097410622, 10.941745079568317, 73.17299002175659, 43.287153551434415
866, 38.247906389218706, 26.50272353195738, 67.99051988957301, 28.774125220249047, -50.066736756782014, 71.70849632092133, 23.928687364098874, 58.26730566314562
867, 159.94533705024864, 28.512968938307107, 54.515121970974306, 28.629068817148173, 17.31128241111206, 23.963773498234843, 55.15260602762876, 21.468477204095464
868, 182.3160477633202, 24.099134520494665, 7.052212915750136, 93.72507928283993, -11.211725917382807, 9.369310122820671, 30.75575776562723, 87.01955052001804
869, 10.216913878726803, 19.161148631848615, 17.086902172266512, 27.05950164407153, -17.41748641021195, 23.281265451633164, 57.52965943667056, 51.3365608209677
870, 50.160418955389005, 21.58209434826133, 29.479067575548264, 49.47617163518324, -42.27024520843714, 30.872309372287248, 27.435690770779754, 56.123278790460404
871, 48.498345595531006, 23.140634984842503, 70.37954426899387, 46.250261773190026, -7.1469480784934944, 84.81895586298474, 42.76172211518055, 76.15212275922231
872, 127.66948855017532, 16.11146583778553, 44.979473411212254, 83.00159313993498, -63.42547006232643, 36.24456129475808, 79.48133509694435, 19.804075023869782
873, 111.08692241345264, 21.54311915342224, 56.42702696028383, 83.05949349813557, -2.4170066172776785, 46.38450363559878, 56.40278327699475, 53.639873275045595
874, 20.79864624507469, 23.465153948667513, 68.35698302823471, 20.01743323846776, -10.089471109144213, 54.02069126683574, 45.934480669798454, 64.72840202794224
875, 30.429786828200804, 10.575280558865964, 22.571659268464405, 16.154706636933994, -74.17545482588277, 87.47574026435544, 87.41178994272322, 20.00188429144192
876, 150.94648817118053, 25.334399600355212, 29.125804713992064, 33.04035933906163, 41.536505459120214, 17.081000903474916, 95.55100296562362, 52.68398557814091
877, 95.24295540244596, 17.451647252527383, 22.942073645822823, -4.934920565558969, -60.685727640962845, 31.53662688615583, 38.888969238533456, 82.89242311802259
878, 76.76140356319496, 20.036682016785846, 9.164002215832241, 59.018024574859, -32.39839175012553, 59.2970030919032, 43.68048072355538, 68.22599896805409
879, 19.538105830759207, 28.53238347649483, 40.39372350336974, 99.92148611197474, -76.6285957397493, 4.099480553266645, 93.7227294584209, 37.18420648522829
880, 107.75745646264293, 17.709298707947447, 13.348783449296493, 86.18437631773375, 30.143795619183578, 11.630588435539137, 50.283154090827544, 74.3210517773311
881, 166.86788026363024, 29.699196456977997, 67.39006228356025, 80.04504432855066, 24.023214860893845, 73.99732823726858, 55.60385305823531, 29.707235921731222
882, 57.41627561334152, 10.678310447610343, 52.88894452488522, 14.521115827561532, 16.7887868483828, 62.790357695378724, 71.13308211199401, 51.80738571358173
883, 32.813785532474675, 24.828310029816794, 40.14340124745123, 14.950122987023825, 21.443777780768443, 46.112824736782535, 108.81541605736831, 27.014866542435442
884, 189.49625201532191, 25.18098835751031, 47.557383100017944, 13.620916303734205, 30.92552135846158, 64.80832817269916, 33.71997275348869, 19.311482910390588
885, 20.065684493976853, 11.486808421919603, 61.246395909457604, 66.57747235724841, -27.10729641248119, 86.37467368854254, 27.15055134737523, 57.0426699517233
886, 87.24180091354891, 10.825986535255801, 32.649490624240215, 77.18477483928638, 22.736736147617165, 23.038816494106836, 89.7194185660457, 67.47020076835442
887, 85.24412283793751, 28.503316780143603, 48.06982482543105, 3.2930490514570434, -3.325029849966299, 69.23171686182137, 72.17175512980438, 80.72694204954391
888, 57.903932816138166, 17.17134991673061, 83.31453346239019, 35.37437089192624, 44.88773556284562, 79.89135458708245, 81.25361567315962, 46.92537053236527
889, 177.4476224649708, 29.040914830902484, 33.373875761250225, -8.964375232828703, 9.369055564161286, 1.5305479077967643, 33.87702194391257, 2.641115016751699
890, 78.03365041725864, 28.6250916588347, 26.93159828897827, -3.365504041646684, 33.314941755729706, 88.68411093190191, 50.447645403734825, 67.37732068501813
891, 179.50572975253863, 10.876169694218138, 1.5035490474489097, -0.2956557625492753, -0.862500539289769, 69.97017912174195, 49.64871962159071, 63.51488870756608
892, 68.56708384830438, 18.446259925872866, 41.219105638288426, -2.497028020751751, -45.569960044013285, 9.060475058903846, 4.072223460898938, 43.45810485646087
893, 132.06607018504354, 15.186078581097746, 39.78155984647157, 63.80530231995655, 27.683799597910408, 87.42504449687655, 30.71653667627101, 47.00443693270812
894, 18.911203666114325, 17.240493614813925, 23.072894540360384, 102.69327615964092, -53.075298406164784, 16.73587259163579, 89.90826588776801, 75.09067754485146
895, 61.89042776012182, 16.64412334450141, 85.58431053139502, 57.15324839989911, 45.15466071327825, 45.04911336513557, 28.651879406126366, 25.826466362733427
896, 97.46753978758098, 27.237006268527534, 30.179587149387938, 26.111161646395047, -7.652109279097658, 27.21459923431103, 0.00883644211280954, 0.8874377734112471
897, 40.73097218084015, 28.110721610240986, 68.65389803136938, 81.72599305909897, -9.768076398408565, 61.55815806217943, 94.24969289459929, 52.44145490252842
898, 160.30847699231632, 28.58135931907026, 73.24179341264347, 57.55708285449705, 41.336721847472575, 5.327695875857403, 18.054066004209385, 57.61028050679617
899, 132.2388053309486, 14.246099640233767, 56.989259060705066, 12.882880516880668, -10.221215216644095, 58.65418802809103, 20.0197531824266, 3.107010793744589
900, 189.89117032235842, 19.135085126679545, 57.90429644869942, 18.393314965435984, -11.908406361109458, 66.70952310973598, 5.387071965112522, 39.412210803776844
901, 43.617293822399645, 12.628508448819263, 53.85546843100349, 44.17696365696341, 5.216854779153991, 35.98824674684883, 20.8258705424204, 44.741187003947346
902, 58.52196220821219, 27.543536568012584, 82.26853590823218, 51.10315396486016, -85.14405098427143, 64.43727849223811, 109.07531791465891, 74.50545882248055
903, 124.8788329856655, 28.018266108384744, 60.969929312655374, -7.8668013133425925, -67.77091547286888, 59.547542517331784, 91.67705647348157, 31.986021457714873
904, 199.69091680528507, 12.328162310873932, 70.03845716784932, 25.985104076178835, 21.548251471236725, 25.57734338993637, 96.16218659051768, 14.791328671988763
905, 195.78426754788134, 11.1188841830857, 24.853731312237795, 65.61017831536836, 11.235954487559795, 55.87375465999327, 90.98511474557344, 29.3171190271784
906, 45.18267484877886, 27.640515768959876, 82.64965578457253, 52.47234267859997, 36.31761057733726, 19.469197133981265, 81.60403191795918, 27.828420912750516
907, 54.97209118437949, 21.416003377286216, 39.31389606891574, 87.21975000477053, -83.41162599122221, 79.13052591056766, 20.173615973659036, 22.772764295354378
908, 156.2657914836646, 12.233009789737551, 36.90040272594648, 74.80801476652853, -11.832438954937302, 5.489784184016701, 4.687733374304594, 66.83013055049604
909, 22.596494251899998, 14.883740327840833, 31.402371608595306, 86.01760899352854, -12.419319653979542, 56.13252012454413, 84.33153384093114, 53.835136298536334
910, 189.25380580704615, 11.738132041338442, 38.92226740129979, 25.428343051173208, -44.942351654473676, 56.89901363115363, 108.86106349098468, 34.1163133135634
911, 159.5435594983667, 19.949189959424466, 8.106256807588151, 54.8910126698493, 34.62892001916615, 74.3188567270567, 71.12502566150758, 9.535291051555813
912, 59.672092014935956, 17.77752422722752, 0.41932645964849136, 43.615970532554094, -2.8346014555010304, 17.57389619300745, 63.626308896977875, 56.56173039540046
913, 142.57781939833458, 21.19344907987807, 88.08830745134789, -11.718958283224397, 9.655294557699605, 4.621010156084861, 72.73011114399888, 4.880611998741959
914, 19.48136209398446, 10.227264815362577, 20.683177549809717, -1.5192602791834613, 44.57228737806156, 27.520207904491276, 25.201227256649283, 45.60376182808023
915, 60.556338734485806, 16.862120142270747, 38.32383660876852, 21.628761291216062, -17.072062095934612, 33.46386627110007, 94.17987488348561, 50.713423579622045
916, 134.76706264985592, 17.331471160620296, 36.68617412785838, 32.96468822599644, -45.46447434217911, 5.288958436864314, 28.19994616729219, 4.770480286364533
917, 62.37554530213573, 14.916985550606622, 44.86185142125329, 27.36380291204876, 7.742034008666422, 7.5626434616007625, 62.098412861821714, 58.46829296404675
918, 159.14313855496377, 17.395418768937052, 0.11742517873257864, 27.566894908243214, -71.57268439999716, 72.89755411675358, 52.12476679841739, 42.574779068530354
919, 58.7447247911309, 16.47942647498235, 76.62581675435227, 36.65808408531729, 3.8421583084471673, 16.04945489664081, 18.894294958519648, 77.92390238741677
920, 53.79224337243106, 20.571679065258763, 84.89249419468875, 107.64736016852146, -42.887882924542275, 64.45980266531562, 40.358606667414385, 61.166564204969205
921, 87.34859476559141, 19.901439310387627, 61.43721542483378, 29.575927417598415, 29.88240720001555, 48.99307463401639, 77.02181361642997, 26.191516486932294
922, 92.55127578405036, 15.492814796248041, 27.73381012306632, 31.841071459429717, -34.21961512359271, 60.63146921643904, 12.44584844638144, 28.6267699881061
923, 176.6415026251303, 17.046741357574508, 0.05904130450866017, 21.219122019208093, -75.15498554571059, 4.208084942123884, 8.326986851094896, 10.16270011168754
924, 68.16039654430745, 25.00112354788158, 52.56478653415647, 50.28978176731599, -80.51455991575453, 40.35747096725772, 27.188161198411677, 21.636669709685133
925, 53.45293812486799, 16.654315145005203, 24.063212499978103, 108.08256172257929, -42.53209391850231, 36.70011141898098, 73.02016292468474, 8.379041453601797
926, 63.32574529812526, 13.500856616156959, 15.221668167772147, 7.381963524509974, 21.830891706324508, 87.3633148946547, 26.378627688297335, 82.34874992084553
927, 66.37117312212186, 24.574699557451613, 87.91776980591888, 65.84438146901576, -85.21365115902165, 84.50326422587221, 74.89795553779068, 22.490318146327237
928, 143.05807803382703, 16.531610814526736, 8.085331705485219, 53.642888622908885, -77.37796078386873, 22.58690482081874, 94.13592406147662, 60.38852805984148
929, 48.55885495085804, 16.47219684421396, 78.56678620843209, 104.1633750937693, -72.41638964192384, 1.3699292330488633, 75.8859088937557, 54.379294567009076
930, 79.08266782027476, 14.905125241796293, 68.0408530008889, -1.2137806774826903, -88.17726423157212, 15.782849677688223, 66.69068939406193, 2.036466047064489
931, 151.14110654567668, 12.4431558923438, 21.706263453169583, 30.764727132949186, -36.77837583631874, 9.591855780612628, 7.257392437654579, 58.23338859966987
932, 161.4992402754572, 18.76123575195307, 50.30184182494252, 108.74420692304011, -32.28094744595277, 86.36290791709816, 42.811404400953585, 78.15761311340789
933, 189.16916634095173, 23.5425043382331, 16.036350288535047, 0.2720971575849216, 49.49187212718056, 41.05964619250569, 3.6495790091343405, 0.5259035030741388
934, 14.210016218998001, 10.575033411162762, 75.70600695595817, 64.47404406380842, -89.70077133891309, 59.89367183585574, 37.63912117615725, 62.67107970182395
935, 62.85497381061903, 16.002887625236472, 79.66617708277029, 44.85202029739999, -85.63061777202832, 31.13392087988253, 39.51879886411268, 31.89979790905807
936, 62.15788031349198, 11.120776263845414, 44.70114800880505, 7.73278037558209, -14.58506431088992, 5.3181526552676335, 101.42749331684675, 18.811490181618858
937, 154.68868196123523, 11.265117054023639, 60.028397644486, 104.9324502289762, -13.867486462583145, 37.29402431427362, 89.40964690601713, 12.765664472335319
938, 163.67175957133188, 20.827128380813367, 60.76708697393556, 84.21326883196292, 22.55969711525914, 32.85499830254996, 72.4049434585986, 54.979730288782946
939, 131.42473163870875, 25.563196025161094, 57.905326694737795, 0.21616088101226794, -8.63948168471947, 42.759952294247064, 66.79478518920236, 31.351223049381648
940, 129.68335397779475, 14.832725763365103, 29.954540367006256, 26.071442543110628, -63.67396770751667, 33.39945803569534, 55.071443242453995, 19.24041655694818
941, 55.99465026160517, 27.42745298589378, 77.94861063882051, 45.44181913287855, -54.21897026686829, 40.848508639599956, 42.519732616085896, 25.66540489242164
942, 71.24621858808177, 15.152053656241979, 33.55190449419496, 55.588405568159146, -8.35168983970921, 56.61502061101445, 89.00800687635477, 71.92878063632655
943, 178.01881222561408, 15.262142105194217, 25.07784003230955, 99.6010293292934, -53.30217637438642, 40.49211426130929, 20.22405855840197, 79.07782923594148
944, 163.67216243497663, 26.75060668725156, 39.85215865938463, 4.642577720256628, -69.26272412808542, 70.70814449109223, 22.705047314948178, 48.57929464352062
945, 86.83462049756866, 13.492366107897071, 52.450412084840465, 30.562633013720202, 14.244517694152691, 53.846412257717255, 12.00990649211694, 20.517497025885277
946, 29.6623699188805, 23.26314107266281, 82.97345219274891, 83.72778074852272, -39.26238936525025, 41.295884566494216, 84.10572963621642, 34.505453218196145
947, 130.15741205056622, 15.521111176426379, 80.6118952852317, -2.809032694675689, -59.19543666252594, 48.51587729678742, 93.79002176254109, 60.89056373908566
948, 31.133797515472253, 23.146448792213466, 37.71474767841755, 87.42341652371292, -72.63107113351406, 29.85658336872012, 22.53465734031542, 76.91265371669033
949, 28.06893571444963, 10.05697936398164, 38.90806808913009, 82.95535841216643, -20.138286778975, 63.2264483897138, 8.600928104782804, 14.761099546935446
950, 92.57112600885559, 20.43264237168227, 34.060146228264536, 83.98160321695826, -39.237266255546075, 88.59965268634946, 92.61468502352912, 73.63658277978134
951, 58.59515273914062, 14.660775405548076, 85.0210687516995, 55.9541229744023, 10.640847533430502, 39.16066663724977, 57.96361586855644, 85.8097071056737
952, 36.61203851603771, 28.146121188472506, 76.96996830521299, 81.10729878635294, -85.75367505503044, 3.2374189123823167, 61.69491392232153, 10.666153509382406
953, 197.2542609255223, 20.989322462324036, 18.395277055702692, 25.018790354284288, -81.73164893551575, 41.59822583218395, 105.36893274942938, 45.861511130084004
954, 99.18848604145661, 28.14865845412155, 33.60957135547741, 81.5586832017882, 3.86033529843408, 48.42323216692316, 93.28849518999608, 61.790528954058416
955, 36.953295393965234, 21.351970640954548, 40.308730240312144, 100.92302634707077, -49.36384878260169, 41.029863461569256, 40.44968806456078, 44.276165349035274
956, 91.76075562902503, 28.526999401553905, 51.93285036301727, 49.56569639049511, -66.36158598267367, 24.218664062105404, 4.354165739219183, 18.618561535918303
957, 80.67481392474127, 21.43016309708707, 84.80277263089597, 77.79910899997279, 12.455728370223738, 73.88622867720498, 107.32605196146861, 61.885642935764125
958, 74.28778784779604, 17.2586801205762, 10.281898348650945, 83.48760779210491, 22.225682190880192, 23.301141801097867, 50.03779211153856, 6.302667491994066
959, 24.79906853696326, 17.32357942071493, 21.987857979781637, 15.142396777776565, -67.98007992239175, 7.694796256470195, 22.513669177281116, 66.2515658488257
960, 65.9590504163151, 18.631764894888228, 24.925170515081994, 100.80744216136733, -60.76815138995199, 4.228971750729143, 8.672832443440992, 15.169772804935809
961, 82.39882039283144, 13.059065827669816, 14.783204254716336, 7.887214186163622, -52.075262871332114, 83.53180670219996, 39.27623771338467, 60.55510479447093
962, 27.013892684090663, 10.492024304094766, 36.21151237693147, 22.730261679461805, -60.28091493436386, 9.09561646723558, 90.30477622307534, 40.85565944787435
963, 188.38400468736998, 28.799319355506732, 33.344415540672145, -8.292028544100111, -42.6896121217121, 89.26581974284994, 39.16655903289047, 1.325199897457914
964, 102.76722269066084, 19.655201170884194, 67.03705870575985, 67.02918311163593, -24.968533886431413, 52.711558767503035, 22.788864260760832, 1.3973062412196124
965, 37.984517975595146, 22.858081520042823, 16.60625476535627, -8.073043594070171, -53.00159675925592, 22.04949633562902, 53.16391163102479, 28.313734282891744
966, 178.73356436995041, 25.581223013015286, 70.4020996915986, 31.826652416511845, -77.05740507407526, 42.711231583954195, 23.572616663488596, 72.96593123661168
967, 199.91928274725583, 25.732118000542982, 51.324697744081604, 65.99313638197381, 32.87394998518789, 63.82876571506095, 85.50711507226136, 71.289522697868
968, 27.487234802858776, 16.899600808682322, 41.2043459390443, 20.14548449846661, -48.71651604363385, 11.834772459749205, 59.248562720592766, 84.97405327965967
969, 132.1395755911937, 29.90260986620078, 23.02311698302766, 94.99409748422228, -35.225280372703764, 48.74677225477875, 17.49519835619077, 61.940126152684456
970, 165.17244022475583, 15.77884758076097, 68.66593524816406, 32.22696763689169, 32.15784891476824, 14.823021987966934, 92.58442657990187, 21.52411938344236
971, 14.866736400477944, 23.4557341807699, 65.84455598756995, 98.04050982859374, -44.375247334256784, 88.63877844428795, 42.67432794573795, 81.79026747640873
972, 129.29138309724976, 13.11543211326702, 5.777240736021304, 95.66509251566599, 21.13774147167132, 74.74623541845902, 76.34785854738703, 56.659254560805394
973, 94.69528206655374, 24.692352329618135, 48.18261655218356, 54.24034288438173, -72.94150638878408, 78.82274171636652, 83.4517119116364, 68.53057081197558
974, 74.26138061253396, 23.257939629763115, 12.698527832230567, 86.39965915938691, 9.366469801036132, 76.97044866533257, 94.64083200005177, 23.353842682913832
975, 124.77556272356397, 21.384983400399754, 45.80067279086588, 81.66684145683604, -33.31546814358445, 88.58412105175208, 19.57219059979061, 68.12634274119112
976, 38.847774379595464, 10.19649066918352, 23.80135180471847, 17.65627007421523, 39.03545908848801, 72.28911672417951, 81.90424537314429, 22.654078832577145
977, 68.5779182920991, 17.54293904979211, 9.831207836250337, 19.261331639737648, 1.7980095370907347, 71.66781869168855, 30.166447548734567, 79.63868215851562
978, 143.36860823557015, 16.50182838189286, 46.75496799080013, 8.628583866284693, -24.907139259469176, 71.79668938183582, 67.40225722240415, 75.9983076807706
979, 75.01279458719483, 10.565623043744436, 9.434540347162319, 40.837035899575866, -60.976142945137404, 88.2373128266227, 15.676450937214991, 18.581717106811627
980, 150.9103265878468, 25.81165856278831, 47.14588459035761, 13.309247300621596, 44.77558176358349, 18.855937369644646, 84.36327696621082, 82.22300017082253
981, 131.09664707892563, 24.19471528552645, 74.5185369058304, 17.44350254451707, -73.07291552396549, 42.063009094899485, 71.33770068107081, 60.53325607040348
982, 116.11525974760687, 27.85148867364056, 51.20437713599507, 21.263316205127637, -24.42073321574469, 79.40759580257465, 75.14473901298382, 25.671071532438123
983, 47.51420617943613, 23.117386745231386, 38.009414872296844, 44.88547654869093, -36.64802516584223, 43.29628992978137, 74.61815201955228, 86.32935354511703
984, 29.57377255020058, 26.517869635251643, 2.176417436653061, 60.74063912072477, 7.7901104827399905, 35.418778653682836, 31.61583638457537, 86.36158531828767
985, 129.8338971289295, 23.911208640051754, 65.39025990721785, 99.69473427272847, 39.13225056463256, 41.0123560365984, 46.971563011037155, 80.86007191145274
986, 167.8908006017039, 17.539621460045122, 1.3960595898798234, 74.37954250310189, -43.05579513175273, 21.002928920189216, 49.09999544862712, 1.9126971963713912
987, 27.93891757880491, 29.897596074974597, 44.292931357468355, 18.574395473250398, -11.09425976579918, 40.98850046627198, 93.13913610733206, 6.482029102812479
988, 42.30087352928685, 11.140626693749072, 61.83120336921069, 98.50932411865685, 9.555291641132756, 43.76838061284356, 86.2224136215977, 21.87882346890206
989, 125.01861056295061, 27.475476808329415, 76.80883247045723, 28.493606346799478, -65.30935472063857, 1.1401200396511935, 81.99311261026043, 2.360672271816049
990, 175.26833565728145, 22.74239118454018, 31.708120403106925, -0.1514408160168017, -10.998843881769616, 15.650327410515452, 78.78863837617784, 38.276717949164656
991, 151.81492385037706, 24.16295311923847, 6.354382469646404, 64.65772630926806, -68.80460782101457, 29.31673220583626, 78.98832147813745, 9.041065486489867
992, 35.13762743667823, 13.348187933768735, 60.374269156150206, 68.692428057875, 47.92503952280993, 84.78706164110466, 77.9119800036448, 19.91763308642445
993, 49.03630150446402, 14.422541058595089, 58.56118813404794, 29.10529026188282, -10.02996376101032, 72.10631304372008, 68.68052796439981, 60.37887057717627
994, 158.71108988682695, 26.22705827505243, 63.57392606354677, 48.29704491330897, 4.550137966027606, 15.204411987126099, 61.252549402440735, 41.31464974501726
995, 136.22804077828027, 21.423721203950628, 63.89538311744781, 55.0695579111987, -4.553570953833742, 84.11790105549423, 19.749609096937256, 52.61481372138804
996, 152.12888633265482, 12.942270807650718, 53.56462280626564, 76.24875910458287, -26.021769900166426, 67.17483949036287, 46.99670458840973, 48.8576226931006
997, 140.42882609276788, 21.073103083415017, 73.46318914976447, 85.31960199598795, -75.55353980370346, 40.586661262565315, 101.5665555323215, 4.634202561129152
998, 149.0376691734088, 16.322405817591658, 12.565445644352984, 54.593551632876064, -36.95639745593728, 17.11189197939849, 30.95992370819953, 14.984791347605539
999, 41.859867940134436, 14.173755851069467, 68.68667217116047, 86.25500730532039, -19.546839209435376, 50.31518775155326, 23.85252575074841, 35.4278430105743
